495 123 -7.82 -0.19 -5.87 0.00 -0.00 -0.00 21.97 23.20 32.66 -5.08 -3.98 -6.83 0.05 -0.04 0.00 20.61 13.49 3.64 -4.92 4.16 -7.27 0.00 0.00 0.00 30.29 -44.41 25.83 -1.43 10.08 0.88 -0.00 0.00 -0.00 3.04 -8.81 -13.30
498 127 -7.85 -0.17 -5.90 0.00 0.00 0.00 21.97 23.20 32.66 -5.08 -3.99 -6.86 -0.00 -0.00 -0.00 21.51 13.67 3.81 -4.92 4.16 -7.27 0.00 0.00 0.00 30.29 -44.41 25.83 -1.43 10.08 0.88 -0.00 0.00 -0.00 3.04 -8.81 -13.30
495 123 -7.85 -0.17 -5.90 0.00 0.00 0.00 21.97 23.20 32.66 -5.08 -3.99 -6.83 0.00 -0.00 -0.00 21.51 13.67 3.81 -4.92 4.15 -7.26 -0.00 -0.00 -0.00 30.29 -44.41 25.83 -1.43 10.08 0.88 -0.00 0.00 0.00 3.04 -8.81 -13.30
495 123 -7.84 -0.18 -5.88 -0.00 -0.00 0.00 21.97 23.20 32.66 -5.08 -3.99 -6.83 0.00 -0.00 -0.00 21.51 13.67 3.81 -4.92 4.15 -7.26 -0.00 -0.00 -0.00 30.29 -44.41 25.83 -1.43 10.08 0.88 -0.00 0.00 0.00 3.04 -8.81 -13.30
499 127 -7.84 -0.18 -5.88 -0.00 -0.00 0.00 21.97 23.20 32.66 -5.07 -3.97 -6.81 -0.00 -0.00 -0.00 21.51 13.67 3.81 -4.92 4.17 -7.26 0.00 0.00 -0.00 29.93 -44.41 25.83 -1.41 10.08 0.88 -0.00 -0.00 -0.00 3.04 -8.81 -13.30


checking network status...
state: online
starting device...
starting in transfer mode
attempting data transfer...

ready to transmit...
found the current position
7.82 0.19 5.87 0.00 0.00 0.00 210.97 230.20 320.66 5.08 3.98 6.83 0.05 0.04 0.00 200.61 130.49 30.64 4.92 40.16 7.27 0.00 0.00 0.00 300.29 44.41 250.83 1.43 100.08 0.88 0.00 0.00 0.00 30.04 8.81 13.03
7.85 0.17 5.90 0.00 0.00 0.00 210.97 230.20 320.66 5.08 3.99 6.86 0.00 0.00 0.00 210.51 130.67 30.81 4.92 40.16 7.27 0.00 0.00 0.00 300.29 44.41 250.83 1.43 100.08 0.88 0.00 0.00 0.00 30.04 8.81 13.03
7.85 0.17 5.90 0.00 0.00 0.00 210.97 230.20 320.66 5.08 3.99 6.83 0.00 0.00 0.00 210.51 130.67 30.81 4.92 40.15 7.26 0.00 0.00 0.00 300.29 44.41 250.83 1.43 100.08 0.88 0.00 0.00 0.00 30.04 8.81 13.03
7.84 0.18 5.88 0.00 0.00 0.00 210.97 230.20 320.66 5.08 3.99 6.83 0.00 0.00 0.00 210.51 130.67 30.81 4.92 40.15 7.26 0.00 0.00 0.00 300.29 44.41 250.83 1.43 100.08 0.88 0.00 0.00 0.00 30.04 8.81 13.30
7.84 0.18 5.88 0.00 0.00 0.00 210.97 230.20 320.66 5.07 3.97 6.81 0.00 0.00 0.00 210.51 130.67 30.81 4.92 40.17 7.26 0.00 0.00 0.00 290.93 44.41 250.83 1.41 100.08 0.88 0.00 0.00 0.00 30.04 8.81 13.30
