0.012194
1.2553
0.61326
0.27613
1.1184
-0.40622
-0.3938
0.64935
0.22025
0.80983
-0.25233
-0.056375
1.3137
0.49906
-0.45811
0.71553
0.3754
1.6267
0.42098
0.56213
0.72956
-0.15871
0.85889
0.55408
0.75241
0.82595
0.27112
1.3414
0.3923
0.993
0.50551
0.32402
0.23713
0.33441
-0.024146
0.18791
0.86996
0.54842
0.89887
1.4905
1.1601
-0.21904
0.82434
0.043014
-0.84863
0.72837
0.3684
0.99413
-0.18991
-0.53524
1.1606
0.5647
0.057343
-0.24384
0.61671
1.6932
0.19395
0.047547
0.25637
-0.16663
0.40858
0.42009
0.45499
0.51778
1.2241
1.1987
0.35547
1.2091
0.32234
-0.10426
-0.14848
1.0436
-0.27383
-0.16734
0.89371
0.66795
0.68427
1.3246
0.849
0.64056
0.6611
-0.24433
-0.82652
0.64064
0.52508
0.84141
-0.097747
-0.61385
0.70758
1.2007
-0.024744
0.27261
0.71253
1.216
-0.28959
0.52431
-0.15607
-0.36371
0.44593
0.51173
0.33771
0.28576
0.691
1.0982
0.34797
1.2588
-0.14444
0.082695
0.070391
0.62666
-0.35089
-0.35709
0.65824
0.72094
0.55522
0.78058
1.3413
0.55845
1.2295
0.12666
-0.61833
1.0854
0.077557
0.81097
0.38464
-0.86321
1.0806
0.59843
-0.29383
0.019132
0.19366
1.1145
-0.38988
0.37525
0.046787
-0.19414
0.69926
-0.28859
0.68098
-0.017742
0.49576
0.72056
0.44098
1.0396
0.49811
0.10219
0.38489
0.49535
-0.17168
-0.27008
1.2411
0.52771
-0.010305
0.88568
1.479
-0.10974
0.58495
0.070163
-0.29873
0.69674
0.25388
0.32379
-0.22782
-0.90214
0.92262
1.1854
0.060766
0.22422
0.54459
1.2701
-0.25563
0.32198
0.40136
0.3214
0.35955
-0.046766
-0.12488
0.22095
0.58052
1.0624
0.39152
1.1679
0.67517
0.72586
-0.52576
0.72266
-0.62817
0.39514
0.65408
0.52048
0.206
0.64684
0.67798
0.51375
1.0387
0.31236
-0.66685
0.40507
-0.37378
0.4655
0.36325
-0.32193
0.94471
0.49021
-0.11297
-0.031013
0.72401
1.6185
0.34567
0.13517
0.51132
-0.36473
1.0791
0.35667
0.10912
0.652
0.70308
1.2786
0.11129
0.97079
0.042039
-0.031428
-0.35974
0.56294
0.013356
-0.36169
1.0236
0.54107
0.77828
1.0346
0.93835
-0.16475
0.54561
-0.037742
0.0266
0.80001
-0.29862
1.0999
0.16638
-0.045275
0.66441
1.0675
-0.46301
-0.10979
0.65713
1.5565
0.38442
0.33245
0.31347
0.3214
0.99355
0.569
0.70221
0.58809
0.63028
0.44953
0.032544
0.42185
0.1822
0.74545
-0.28741
1.0714
-0.52952
-0.090112
0.74875
0.48564
0.69159
0.71682
1.3586
-0.018452
0.47659
0.29814
0.016219
1.1713
0.28412
0.99449
0.58011
-0.062719
0.60436
0.90715
-0.27125
0.11466
0.65501
1.5744
-0.28238
0.46694
0.67714
0.41343
1.0831
-0.17767
0.70235
0.65741
0.98125
0.85552
0.18307
0.51363
0.26025
-0.010495
-0.29173
0.59013
0.24438
-0.20601
0.98122
0.66501
0.13904
0.49029
1.2695
-0.0012069
1.0289
0.1679
-0.6432
1.0748
0.47906
0.76666
0.53286
-0.39661
1.1894
0.31428
0.33721
-0.21792
0.015656
1.5858
-0.32869
0.47264
0.63694
-0.21697
0.83555
0.29694
0.35885
0.84723
0.4038
0.5912
0.46337
1.1441
0.1832
0.82187
-0.54656
0.54552
-0.032195
-0.35961
0.45738
0.50491
0.78212
1.3571
0.47052
-0.067262
0.88776
0.56337
0.037898
0.86958
0.53779
0.54702
-0.050827
-0.3839
0.9354
0.55186
0.36463
0.51036
0.5054
1.5806
-0.26745
-0.1378
-0.07869
0.2451
0.43788
0.30325
0.62187
0.61331
0.95425
0.4447
0.036389
0.8703
0.71141
0.39343
-0.52184
1.0199
0.087208
0.11055
0.343
1.2371
0.18834
1.3308
0.90701
-0.24916
0.37361
-0.051362
-0.42663
0.62178
-0.40594
0.88702
0.070672
-0.29585
0.54524
0.88671
-0.080297
0.33967
0.029104
1.7438
-0.37777
-0.1565
0.53281
0.47492
0.3428
0.28404
-0.075174
0.14054
1.063
1.0633
0.30185
0.75983
0.030218
0.080815
0.18672
0.62959
0.13135
0.12699
0.41539
0.30526
0.86411
1.0315
1.446
0.16666
1.2532
0.15114
-0.70936
0.35191
-0.27432
0.90756
-0.13224
-0.7651
0.77329
0.59624
-0.044334
-0.23668
0.013156
1.497
0.24664
0.12341
0.078953
0.48238
0.81361
0.093421
0.034704
-0.081939
1.159
0.79466
0.41613
0.91567
0.7171
0.040534
-0.48468
0.29718
-0.64769
0.28497
0.78351
1.1794
0.33318
1.2767
1.1596
0.63443
0.74707
0.011745
-0.43363
0.75239
0.067284
1.1207
0.58935
-0.64701
1.0984
1.1102
-0.19423
-0.18453
-0.087788
1.6029
-0.010003
0.21017
0.5656
-0.19247
0.38991
0.41711
0.30836
0.26382
0.46601
0.95003
0.63307
0.45141
-0.025223
0.34873
0.31354
0.55996
-0.41652
-0.33269
0.36423
0.82725
0.76791
0.74445
0.79347
-0.26404
0.65474
0.44045
-0.9235
0.39385
0.43201
0.17131
0.20361
-0.12127
1.2801
0.75808
0.33754
0.22405
0.60036
1.1666
-0.43969
0.45564
0.51569
-0.010464
0.42466
-0.25982
0.22324
0.21785
0.49725
1.2786
0.48921
0.82556
0.45572
0.4598
0.40212
1.0171
0.015536
0.48373
0.31023
0.81549
0.87967
0.9232
0.50334
0.26134
0.48812
0.012263
-0.85638
0.34316
0.40542
0.40985
0.24063
-0.43021
0.4014
1.1234
-0.039401
0.63544
0.38843
1.7271
-0.30872
-0.1164
-0.074108
-0.34377
0.2731
0.55317
0.61848
0.77519
0.29249
0.42947
0.81055
0.92104
0.62254
0.17206
-0.45882
0.74336
-0.29206
0.51921
0.45477
0.44351
0.080844
1.3412
1.1853
-0.094426
0.9224
-0.21047
-0.51053
1.1506
0.18837
0.29925
0.37399
-0.76925
0.46658
0.4556
0.028662
0.32095
0.27047
1.0677
-0.3329
0.6612
0.076872
-0.14968
0.96397
-0.19449
0.51274
0.16404
0.53628
1.1805
0.38787
1.0434
0.68423
0.45977
-0.2452
0.47459
-0.085678
-0.13343
1.2668
0.39734
0.70619
1.2999
0.89921
0.31455
0.66393
0.53864
-0.30889
0.97588
0.024236
0.29718
0.24251
-0.10456
1.063
0.68186
0.0023851
-0.18952
0.50307
1.0561
0.12139
-0.099462
0.37167
0.37707
0.6415
0.36969
0.27373
0.10606
1.1867
1.3153
0.57006
1.1227
0.48757
-0.04637
-0.046548
1.1192
-0.50397
0.43051
0.49337
0.70759
0.20989
0.7129
1.3572
-0.26683
0.97015
-0.053642
-0.37574
0.52807
0.47656
0.99975
0.29997
-0.9094
0.9198
1.0555
0.07373
-0.12705
0.12207
0.91558
-0.18479
0.039479
0.03808
0.080458
0.15093
-0.25186
0.66188
-0.10904
0.50485
1.1332
0.30281
1.3074
0.39693
0.29977
-0.17313
0.33512
-0.00086018
0.32388
1.0241
0.9176
0.18356
0.36953
0.77581
0.60139
0.98975
-0.13582
-0.77892
0.35629
-0.31013
0.57859
0.027047
-0.71504
0.53443
0.69541
0.23769
0.043729
-0.052341
0.99125
0.34322
0.13827
-0.062082
0.48417
0.85481
0.4186
0.33607
0.21683
1.0686
0.52154
0.77681
1.2185
0.53682
0.34249
0.31718
1.2578
-0.6865
0.42895
0.93815
0.67237
0.47599
1.1504
1.0545
0.49712
0.30236
-0.039986
-0.54488
0.85179
0.25092
1.0237
0.37053
-0.33621
1.2667
0.98627
0.26051
-0.23377
-0.010748
0.96521
0.27729
0.1722
0.23334
-0.30979
0.071808
0.64482
0.00017194
0.74115
0.44148
0.41119
0.52841
0.47982
-0.083303
0.57128
-0.566
0.4354
-0.44669
-0.080389
0.98889
0.79211
0.44538
0.92551
0.4224
0.06266
0.7839
-0.33871
-0.69711
0.77384
-0.37667
0.166
0.13938
-0.78616
0.6974
0.48539
-0.18136
0.23204
0.31594
1.639
-0.19423
0.54734
0.43257
0.17221
0.89352
0.11055
0.41551
0.56868
0.74253
1.3149
-0.033903
0.69545
0.23925
0.35148
-0.3434
0.60215
-0.49652
-0.37381
0.28615
1.0003
-0.073483
1.244
0.61049
0.32165
0.75858
0.27519
-0.62006
0.93675
0.12645
0.89785
0.12896
-0.026819
1.2942
0.76316
0.034055
-0.17522
0.37999
1.5757
0.30608
0.2734
0.53305
-0.19492
0.059593
-0.1838
0.70001
0.59045
0.38915
0.49682
0.54063
0.79357
0.79862
0.35775
-0.16083
0.47448
-0.38944
0.045433
0.40462
1.1931
0.34647
1.1413
1.2276
-0.053333
0.87389
-0.17379
-0.85593
0.57856
-0.30913
0.2386
0.29965
-0.74056
0.42082
1.2019
0.26008
0.62649
0.71674
1.3186
0.41491
0.65764
0.090634
0.57937
0.14688
-0.19199
-0.15872
0.091285
0.56949
0.44098
0.58163
1.3505
0.18906
0.67326
0.11213
0.39691
-0.0054774
0.48696
0.26308
0.31085
0.29455
1.2478
1.4057
-0.11225
0.402
-0.32841
-0.37733
0.57825
-0.11884
0.32738
-0.038579
-0.068009
1.0281
0.82569
0.17657
-0.17989
0.38624
1.7224
-0.39703
0.45485
0.66657
-0.11784
0.61396
0.17892
0.67914
-0.16614
0.9382
0.87057
0.30414
1.1719
0.26612
0.24448
0.10286
0.68438
-0.55313
-0.34139
0.50576
1.1074
0.87873
0.81397
0.54857
0.23069
1.2198
0.33318
-0.018108
1.0892
-0.1359
0.22003
0.18712
-0.81991
1.1525
0.54622
-0.028718
-0.15778
0.49312
1.0485
0.19046
0.054959
0.39682
-0.01883
0.74532
-0.18955
0.019699
-0.03118
0.55829
0.71595
0.10494
1.0606
0.82937
0.32208
0.25125
1.0904
0.26161
-0.18379
0.58396
0.96468
0.67685
1.2902
0.97034
0.32998
0.5882
-0.085512
-0.38652
0.67998
0.11461
0.77495
-0.18082
-0.76038
1.3283
0.77582
-0.46014
-0.064657
-0.20254
1.6387
0.13132
0.35447
0.37052
-0.14944
0.43211
0.20848
0.67471
0.4266
0.67744
1.1601
0.36485
0.66333
0.60616
0.86266
-0.17466
0.53297
-0.49069
-0.37659
1.2339
1.0019
0.46566
0.71558
1.0497
0.71716
0.9334
-0.32509
-0.53898
0.84102
-0.035424
1.0379
0.41694
-0.01718
0.82716
0.4878
0.4152
-0.34253
-0.10456
1.8019
0.13203
0.12918
0.61215
0.4515
0.9241
0.33514
0.46255
-0.12429
1.114
0.92722
0.14504
1.3413
-0.07567
-0.082333
-0.45871
0.81372
0.1452
0.0067696
0.80897
0.79431
-0.019032
0.7177
0.7484
-0.029039
0.32455
-0.31672
-0.7235
0.40863
0.56969
0.29921
0.29533
-0.80149
1.324
1.1124
-0.33543
0.5094
-0.24604
1.5639
0.29358
0.21494
0.030728
-0.2408
0.8586
0.35253
0.61074
0.10627
0.37775
0.30918
-0.022767
0.71845
0.18332
0.40613
-0.15747
1.2341
-0.57221
0.38432
0.4216
0.99838
0.48063
0.79315
0.74898
0.10083
0.5964
-0.17518
-0.024269
0.79682
0.14075
0.30792
-0.10425
-0.060736
0.76858
0.63302
-0.40703
0.48549
0.013325
1.7528
-0.52766
0.44803
0.34844
0.31971
0.34437
-0.26652
0.11599
0.67026
0.99178
0.62601
0.63291
0.95565
-0.098018
0.32818
-0.51137
1.0837
0.24909
0.29461
1.0202
0.78781
0.18088
1.0671
1.0796
0.17429
0.63001
-0.28154
-0.4601
0.32518
0.38645
0.82248
0.49931
-0.21346
1.0649
1.0675
0.021116
-0.02606
0.68916
0.9648
-0.38129
-0.0083145
0.59255
-0.27788
0.49617
0.29798
0.19465
0.41978
1.0471
1.1914
0.85104
1.2874
-0.10388
-0.052757
0.33469
0.74559
-0.28868
-0.064694
1.1768
0.89977
0.85237
0.85096
0.40424
0.55487
0.4958
0.43356
-0.14352
0.67225
0.096228
0.95388
0.14603
-0.71151
0.46167
0.30848
0.10977
0.53496
0.49033
1.5429
-0.16994
0.79932
0.54133
0.023582
0.55229
-0.073215
0.08737
0.46075
0.50425
0.70884
0.6521
0.74017
0.33849
-0.058279
0.19523
0.92681
-0.60526
-0.17993
0.54193
0.21485
0.10114
0.38787
0.38028
0.37249
1.0082
-0.038059
-0.73806
0.39718
0.35394
0.29533
0.38182
-0.70246
1.3484
0.73457
0.41483
0.62278
0.65971
1.3161
-0.47004
-0.089858
0.17333
0.21865
0.91986
0.64419
0.65665
-0.09686
0.58065
1.1949
0.44199
0.83803
0.17965
0.53346
-0.3455
1.2359
-0.01652
0.43692
0.72654
1.1441
0.75031
0.43722
1.3144
0.42585
0.50961
0.42997
-0.048948
0.7867
0.205
0.24848
0.79137
-0.13436
1.3259
0.84978
-0.15819
0.36195
-0.014832
1.452
-0.30288
0.36895
0.52692
0.40644
0.39626
-0.12539
-0.14386
-0.17894
1.118
0.89334
0.54555
0.39293
0.11148
-0.0059363
-0.36272
0.40449
-0.59493
-0.32376
0.49538
0.21808
0.66228
1.2698
0.59772
0.3392
0.63567
-0.25563
-0.79827
0.28689
0.57304
0.58656
0.60494
-0.76345
0.64183
1.0108
0.03681
0.61678
-0.12278
1.7858
-0.21818
0.30286
0.1488
-0.19059
0.80554
-0.10296
0.66641
0.11527
0.60594
0.8067
0.34709
0.3885
0.56298
0.17259
0.071548
0.67449
-0.18039
0.38499
0.78192
0.47684
0.3598
1.2488
1.2602
0.6192
1.167
0.32433
-0.97528
1.0834
0.10027
0.61368
-0.099008
-0.16214
1.1316
0.70153
0.28941
0.31757
0.31278
0.91686
-0.22618
0.26473
0.4771
0.072652
0.53944
0.3335
0.25107
0.54877
0.73444
1.0821
0.2368
1.2448
0.11888
0.033889
-0.43193
0.47459
0.074049
0.56857
0.41637
0.9504
-0.044036
0.4478
0.5577
0.66678
0.74358
-0.3975
-0.117
1.0363
0.12871
0.52321
0.4354
-0.71606
1.1145
1.1325
-0.28957
0.2604
0.33951
1.4697
0.38151
0.251
0.051781
0.12836
0.096215
0.073883
0.61874
0.0032747
0.91181
0.90986
0.76531
0.90589
0.28587
0.54002
0.088189
0.85878
0.0015207
-0.020047
0.33779
0.53659
0.71549
1.2339
0.71439
-0.24078
0.21998
0.41943
-0.05658
0.84374
0.61318
0.58021
0.374
-0.2941
1.3882
1.0517
-0.42812
0.20165
0.42306
0.98376
-0.55873
0.40336
-0.16977
0.17361
0.18872
0.19138
0.48719
-0.25897
1.0379
0.30028
0.57112
0.89158
0.48426
0.80221
-0.33006
0.52881
-0.59815
0.42531
0.94796
1.0605
0.070161
0.76271
0.99286
0.34243
0.48463
0.35021
-0.61783
1.0607
-0.146
0.8644
0.66733
-0.48568
1.0957
0.94243
-0.21796
0.37766
0.61031
1.8255
0.27239
0.3757
-0.20382
-0.30857
0.071883
0.50448
0.38809
0.40698
0.40651
0.26967
0.054802
1.0178
-0.07465
0.86547
0.48588
0.70875
0.16444
0.19287
1.0446
0.6465
-0.017514
0.80369
0.67946
0.65793
1.0846
0.21836
-0.75498
0.30428
0.19874
0.47491
0.58017
-0.55527
0.68469
0.49009
0.48029
-0.001764
0.16836
1.068
-0.081696
0.086286
0.085721
0.21112
0.4801
0.21733
0.74631
0.41294
1.0764
1.0585
0.38656
0.62022
-0.020821
0.211
-0.080481
0.79066
0.24845
0.52937
0.80429
0.745
0.014507
0.74683
1.3011
-0.036248
0.35495
-0.084812
-0.37814
0.49932
0.067545
0.36467
0.73359
-0.2656
0.5259
0.22426
-0.44018
0.54293
0.051003
1.2508
-0.039598
0.066362
-0.18649
0.33973
0.42729
-0.078828
0.0343
0.37351
0.92279
0.79332
0.46833
0.79217
0.47078
0.65915
-0.21696
1.1244
-0.65389
0.073781
0.60304
1.0698
0.34732
1.2994
0.76078
-0.0068855
1.0548
0.063827
-0.57022
0.60922
-0.098366
0.33407
0.040975
-0.36773
1.2583
0.99047
0.19241
0.61085
0.65918
1.5106
0.16772
0.23289
0.57271
-0.26958
0.31706
0.078285
-0.032045
0.65825
0.58972
0.65311
0.72878
0.81895
0.49161
0.58026
-0.47621
0.74785
0.23139
0.19749
1.1346
1.0931
0.65487
0.89907
1.1792
-0.23775
0.92608
-0.32543
-0.93817
0.23634
0.12726
0.084178
0.69238
-0.47435
0.57437
0.37979
-0.39282
-0.16726
0.14285
1.2879
-0.26889
0.32912
0.12313
0.25845
0.95131
0.43898
0.20006
0.24512
0.55286
0.615
0.37422
1.1294
0.27717
0.55758
0.34523
0.46736
-0.54998
0.55222
1.1763
0.40565
0.18247
1.2061
1.1556
0.12235
0.53988
-0.15549
-0.72519
1.0393
-0.29804
0.74844
0.33866
-0.83333
0.88587
0.84828
0.51354
0.15805
0.6096
1.8153
-0.15645
0.25581
-0.11467
0.53302
0.36787
0.47639
0.39175
0.14354
0.43769
0.37467
0.031329
1.2328
0.2566
0.60638
-0.4017
0.93589
-0.60656
-0.14937
0.61042
0.86656
0.78421
1.1896
0.58426
0.099761
1.1348
-0.12689
-0.83057
0.78479
-0.060228
0.39874
-0.15905
-0.38159
0.86912
0.28664
0.2578
0.17436
-0.075286
1.2178
-0.37976
0.47856
-0.15088
0.29409
-0.011292
0.57693
0.17773
-0.2267
0.76317
0.86588
0.73872
1.1224
0.71416
0.58246
0.40694
0.95411
0.017267
0.31417
0.88368
1.0685
0.86709
0.71007
0.44433
0.56135
0.85428
-0.25558
-0.50761
0.97587
-0.20391
0.72738
0.036371
-0.3181
1.0462
0.56148
0.21381
0.076339
0.51686
1.5308
-0.19804
0.52008
0.43851
0.58263
0.93796
0.44038
0.33743
-0.29628
0.27649
1.0904
0.87718
1.0572
0.38814
0.89662
-0.42274
0.73286
-0.70189
0.1924
0.75931
0.15845
0.5124
0.74729
0.37219
0.735
0.30084
0.12049
-0.13047
0.71583
-0.30602
0.50585
0.28487
-0.17772
1.4261
0.37383
0.44139
-0.32175
-0.00795
1.552
-0.1303
0.45029
0.022478
-0.17921
0.42672
0.58283
0.4685
0.095944
0.30394
0.36955
0.94788
1.3567
0.35844
0.69311
0.058104
1.1012
0.25666
-0.35795
0.53945
0.62021
0.07789
0.74603
1.2325
-0.17275
0.25827
-0.22518
-0.38175
0.30366
0.40763
0.36925
0.61373
-0.69086
1.0987
0.24454
0.49838
0.070842
0.013759
0.9908
-0.13191
0.36008
-0.13568
0.58858
0.84656
0.49138
0.29663
0.43807
1.0408
0.8966
0.040223
0.50894
0.35911
0.72176
0.091861
0.81593
-0.68731
-0.22056
1.117
0.73169
0.41636
0.61356
1.2934
0.1221
0.62143
0.39947
-0.21119
0.46817
0.28484
1.0166
0.5149
-0.67706
1.1522
0.67011
0.5304
-0.073945
0.14964
1.1035
-0.55874
0.023225
-0.12633
0.69978
0.53589
0.49955
0.68485
0.46518
1.1004
0.25659
0.11365
1.1094
0.80895
0.3155
-0.27757
0.91968
-0.69871
-0.35794
1.1157
0.54009
0.70182
0.63844
0.94758
0.6544
0.7897
0.49324
-0.0082538
0.17324
-0.3134
0.97015
0.0025332
-0.85352
1.146
0.28059
-0.28098
0.10345
0.59899
1.5594
0.037265
-0.013822
0.10506
0.6433
0.79017
0.604
0.41294
-0.20269
0.33811
0.96458
0.92321
1.0415
0.4831
0.54123
-0.2553
1.1652
0.059223
0.18675
0.61577
0.68587
0.24812
1.3932
0.70214
0.72885
0.18279
0.34975
-0.5633
0.64886
-0.023293
0.97858
0.080872
-0.56851
0.73979
0.13944
0.16727
0.46065
0.23746
1.1804
-0.49689
0.03602
0.78059
0.25116
0.016347
-0.026357
0.036329
-0.052672
1.0645
0.73425
0.14402
0.52754
0.0050699
0.79986
0.48751
1.2772
-0.32388
0.49851
0.66119
0.60344
0.086649
0.48436
0.9688
0.074916
0.62215
-0.2149
-1.0006
0.81116
0.031685
0.069749
0.57529
-0.72355
1.1212
0.34365
-0.16897
-0.24238
-0.006776
1.5703
0.25062
0.63337
0.046849
0.16374
0.85648
0.33607
0.08667
0.26043
0.85494
0.61388
0.17876
0.69136
0.6346
0.5772
-0.23394
0.39502
-0.20668
-0.22764
0.69611
1.003
0.511
0.67407
1.1886
-0.077361
0.41328
0.24752
-0.77309
0.834
-0.011234
0.5409
0.62678
-0.20344
1.0693
0.34277
0.30213
-0.034326
-0.048063
0.94194
-0.63039
0.85153
0.7113
0.097383
0.62203
0.39661
-0.042321
-0.17377
1.061
1.0987
0.36643
0.63503
0.54538
0.57343
-0.46184
1.1734
-0.22326
0.50487
0.29046
1.0759
0.82432
0.50071
0.74746
0.089775
0.99825
0.52638
-0.26878
0.68702
0.30712
0.36632
0.59788
-0.78254
1.1945
0.18189
0.53798
0.23529
0.54376
1.0077
0.34579
0.17166
0.025384
0.12004
0.69773
0.56478
0.23936
0.02249
0.92854
0.45274
0.85752
1.0676
0.92162
0.13446
-0.26319
0.6679
0.0087197
-0.037605
0.77386
0.51125
0.4603
0.79325
0.99541
-0.21679
0.9631
-0.070359
-0.28253
0.9568
0.17413
0.7144
0.29792
-0.089883
1.0902
0.59119
-0.059558
0.31092
-0.25321
0.85986
0.22525
0.58597
0.41304
0.14284
0.41693
-0.10912
-0.078842
0.29846
0.29829
0.72874
-0.0013626
0.81053
0.17035
0.61022
0.026366
0.9545
-0.54393
-0.26858
0.19097
1.0655
0.57824
0.96398
0.62318
-0.18708
1.0017
0.17852
-0.98086
0.92555
-0.3227
0.68713
0.65991
-0.41264
0.72925
0.71272
-0.00037617
0.17083
-0.16367
1.5552
-0.43297
0.038295
0.6993
0.54648
0.79284
-0.18355
0.52609
-0.22218
0.98712
0.92464
0.77405
1.1491
0.0055913
0.56129
0.42542
0.8695
-0.2383
-0.15108
1.1364
0.70512
0.8741
0.45551
0.5142
0.29161
0.78672
-0.076388
-0.35392
0.34266
0.51856
0.58705
0.54695
-0.6822
0.56163
0.12263
0.4638
0.3761
0.44471
1.2507
-0.57241
0.09613
0.050509
-0.19385
0.76038
-0.11332
0.43962
0.12912
0.34372
0.95289
0.61624
0.53776
0.40526
0.63496
-0.18751
0.97632
0.19811
0.15931
0.85564
1.1006
0.78932
1.0642
1.3066
-0.063106
0.65361
0.21308
-0.20363
0.39878
-0.27632
0.56147
0.011083
-0.57167
1.1386
0.20894
0.36546
-0.32815
0.45568
1.6748
-0.45254
0.55292
0.80029
-0.22835
0.043197
-0.043955
0.4037
0.26567
0.87427
0.69403
0.64918
0.42237
0.14595
0.70384
-0.15516
1.0988
0.10857
-0.30878
0.7582
0.84067
0.46374
0.65328
1.2323
0.72469
0.65805
0.29551
-0.20507
0.17565
-0.22354
0.65894
-0.098545
-0.90063
0.55877
0.89509
-0.039651
-0.15038
0.0056109
0.98109
0.1237
0.27912
0.11975
0.45565
0.48695
0.51425
0.17907
-0.22595
0.7234
0.66901
0.42958
0.70283
0.92667
0.21459
0.10906
0.70035
-0.43095
-0.3994
0.82628
1.0038
0.32577
1.2765
1.2676
0.15077
0.34288
-0.22962
-0.69664
0.82034
0.1959
0.86671
-0.011132
-0.32058
1.0107
0.33388
-0.4096
-0.092643
0.45662
1.7004
0.34319
-0.039058
0.53732
-0.18314
0.53308
0.54523
0.64832
0.15108
0.40833
0.96667
0.18081
0.65956
-0.039706
0.35575
-0.4265
1.2019
-0.53728
0.45062
0.21199
0.33986
-0.065819
1.1706
1.0161
0.69385
1.0466
0.40026
-0.00029572
0.76608
-0.0059659
0.061125
0.61744
-0.46445
0.83664
0.92956
-0.34972
0.0041041
-0.22393
0.84947
0.043836
0.86922
0.18825
-0.023107
0.80441
0.44628
0.71436
0.52898
1.0836
1.1755
0.41182
1.0452
0.77893
0.5826
0.25167
0.83775
-0.23497
0.36913
0.19411
1.0155
0.63698
1.0395
1.0715
0.059804
0.34193
0.24941
-0.068881
0.76483
0.022211
0.3039
0.63193
-0.21349
1.3004
0.98453
-0.13473
0.30782
0.25088
0.87405
-0.46762
0.29453
0.11625
0.15586
-0.018013
0.3062
0.48709
-0.30719
0.46129
1.156
0.90366
0.40787
0.81981
0.20707
-0.01188
0.48346
-0.52802
0.36325
0.23877
0.51333
0.47151
0.62325
1.0116
0.36887
0.59792
-0.15963
-0.58016
0.72709
-0.2923
0.63929
-0.030538
-0.52032
1.4296
0.90487
-0.34821
0.34658
-0.25263
1.2865
0.21077
-0.020927
0.62434
0.52178
0.085089
0.66118
0.50371
0.46237
0.85723
0.65681
0.85414
0.4762
-0.017461
0.2993
0.043113
0.57511
-0.18956
0.26851
0.98453
1.0071
0.32637
0.8327
0.75318
0.086117
0.57888
0.56442
-0.52611
0.44884
-0.30566
0.2222
0.79058
-0.54577
0.54664
0.40875
-0.22056
-0.13215
0.27297
1.7757
0.26125
0.019132
0.70904
-0.069876
0.8812
0.075861
0.048448
0.51376
0.954
1.0934
0.7421
1.2647
0.82309
0.32223
-0.3055
1.1566
-0.062385
0.017646
1.095
1.0611
-0.064557
0.71457
0.37964
0.60413
0.52688
0.18046
-0.64287
0.92011
0.27662
0.69615
0.7576
-0.5143
0.51834
0.92876
0.29656
0.45948
0.30617
1.5002
0.23477
0.55489
0.13195
0.7365
0.09366
0.036851
0.65466
0.33491
0.3426
0.93139
0.64163
1.3497
0.46224
0.44393
0.14465
1.3309
-0.39281
-0.15362
0.73697
0.85449
-0.033659
0.8182
0.39802
0.095715
0.58235
-0.23923
-0.924
0.38917
-0.041293
0.22662
0.40588
-0.91408
1.2759
0.25623
0.029033
0.35069
0.15534
1.0667
0.10642
0.92409
-0.07451
-0.23209
0.30556
-0.18335
-0.051784
-0.34731
0.37332
0.37598
0.6376
0.78035
0.68595
0.92665
0.31072
0.43206
0.12741
-0.052939
0.94314
0.89493
0.23768
1.4001
1.1386
0.40712
0.42329
0.21538
0.0053543
0.28332
-0.086789
0.026646
0.80711
-0.30544
1.2324
0.80306
0.22037
-0.19926
0.46952
1.5121
-0.010738
0.58466
0.68284
0.53662
0.60486
0.16328
0.82105
0.17879
0.49264
0.34533
0.35091
0.64123
0.90122
0.85871
0.55059
1.3062
0.13608
-0.25429
0.29218
0.75759
0.67207
0.52675
0.55407
-0.21121
0.35843
-0.14675
-0.068457
0.30234
-0.28826
0.67583
0.71626
-0.8485
0.45847
0.41813
0.017834
0.032916
0.086952
1.2608
-0.11552
0.5073
0.31815
0.52594
0.16702
0.30644
0.3982
-0.24571
0.69322
0.37453
0.58161
0.45553
0.82142
0.17486
-0.19695
0.7362
-0.44999
0.3329
0.46334
0.21425
0.68869
0.71114
0.81307
-0.18222
0.74828
-0.013813
-0.66931
0.26202
0.60522
0.49172
-0.097953
-0.20534
0.84604
0.0729
0.24462
0.056302
0.21283
1.4112
-0.21031
0.025991
0.5319
0.48535
0.27852
-0.19077
0.77241
0.42415
0.96382
0.60711
0.91924
1.2393
0.60986
0.47401
-0.35678
0.71918
-0.50545
0.44157
0.77788
0.83721
0.059169
1.413
0.70971
0.38852
0.92082
0.28526
-0.97529
0.42854
0.65918
0.029711
-0.055401
-0.82665
1.0487
0.094168
0.031082
-0.027215
0.31558
1.1547
-0.3404
0.6561
0.39716
-0.014252
0.24546
-0.036838
0.082644
0.39031
0.56138
0.81394
0.56833
1.3226
0.29558
0.32826
0.31488
1.2222
-0.71569
0.43005
0.95057
0.6478
0.31773
1.0696
0.64474
0.55408
0.2175
0.051819
-0.21113
0.54802
-0.32511
0.038947
0.36208
-0.70691
0.81508
0.48665
-0.32888
-0.019579
-0.0076657
1.0917
0.25289
0.45749
-0.0040702
0.042476
0.6963
0.37709
0.48772
0.15705
0.39402
1.0278
0.044789
0.75161
0.5537
0.8918
0.0283
0.78474
-0.084522
0.34404
0.5223
0.55824
0.54657
1.2078
0.94326
0.55827
0.15364
-0.30016
-0.93156
0.080467
0.50797
0.58005
0.078962
0.011977
0.98416
0.87268
-0.070774
-0.15126
0.31607
1.3089
-0.37976
0.0095394
-0.030227
0.53038
0.38189
0.1748
-0.068785
0.16887
0.25782
0.73399
0.22644
0.88187
0.29746
0.17315
-0.32452
0.51495
0.13263
0.30328
0.14591
0.91376
0.12901
1.3632
1.1483
0.13025
0.43302
-0.248
-0.58516
0.22403
0.49397
0.29915
0.76001
-0.73029
0.79591
0.38604
0.1973
0.070227
-0.34849
1.168
-0.11986
0.051773
0.031225
0.51931
0.49021
0.5645
-0.15845
-0.45472
0.52818
0.36121
0.63227
1.2104
0.71047
0.89509
0.094806
0.90084
-0.074495
0.44945
0.32331
0.80152
0.07277
0.68325
1.0792
0.30459
0.12102
0.55135
-0.098264
0.78997
0.16661
0.54888
-0.057199
-0.1743
1.1985
0.62088
-0.018845
0.10364
0.14032
1.2355
-0.52493
0.63846
0.49344
0.49847
0.16294
0.55807
0.11627
-0.19754
0.39839
0.91267
0.36558
0.74544
0.63724
-0.00086805
-0.27975
0.78323
-0.52891
0.33732
0.78454
0.9409
0.10086
0.92532
1.0399
-0.1205
0.56008
0.084589
-0.28395
0.84738
-0.1728
0.069834
0.52029
-0.68073
0.9977
0.71476
0.075968
0.26686
0.41982
1.6423
0.043074
0.25003
0.1159
-0.064747
0.45371
0.52899
-0.092375
-0.067437
0.75763
0.91335
0.56413
0.43586
0.40215
0.74558
0.56048
1.2094
-0.6802
0.34358
0.86625
0.85532
0.077185
0.8159
0.90489
0.75152
0.56618
0.090148
-0.0079774
0.67757
0.65128
0.21921
-0.055659
-0.76506
1.1587
0.81317
0.25265
-0.056821
0.26493
0.83056
0.19929
0.090392
0.76771
0.12956
-0.014019
0.061721
0.70517
0.29713
0.31804
0.32069
0.94329
1.1605
0.75346
0.17646
-0.23612
1.0055
-0.6266
0.082218
0.82639
0.25743
0.27364
1.3068
1.2171
-0.064837
0.85195
0.14912
-0.79395
0.60268
-0.02907
0.64789
0.14933
-0.43322
1.1969
0.65569
-0.14555
0.25478
-0.060629
0.90315
-0.011804
0.93551
0.66318
-0.10301
0.53613
0.41143
0.31117
-0.05533
0.50722
0.98769
0.30201
0.68148
0.52283
0.58821
0.021249
1.2197
0.21923
0.39222
0.86166
0.22212
-0.03597
1.342
0.65867
0.67954
0.69117
-0.35385
-0.76836
0.056961
0.086975
0.89253
0.0073122
0.0078187
1.3743
0.30093
-0.35787
0.065144
0.19168
1.5097
-0.33556
0.052805
0.71439
0.58003
0.22018
0.511
0.23082
0.020471
0.683
0.38957
0.17988
1.0006
0.57555
0.19533
0.43218
0.46747
0.15065
-0.036165
0.44165
0.853
0.14498
1.0345
0.53786
-0.17041
0.94033
-0.28635
-0.44456
0.53192
-0.32934
0.17801
-0.075325
-0.16836
1.1417
0.39146
0.27765
-0.31418
0.42833
1.2053
-0.56784
0.087643
-0.070012
0.36982
0.04679
0.1681
0.59535
-0.1758
0.39547
0.96153
0.25854
1.0446
0.53789
0.52339
-0.1066
0.49372
-0.59834
0.41702
0.61677
0.33161
0.67171
1.1967
0.46992
-0.08614
0.78034
0.25885
-0.34813
0.09184
0.49198
0.62739
0.84839
-0.2589
0.68683
0.080686
-0.35355
0.31064
-0.1519
0.92675
-0.62607
0.80034
0.6649
-0.018926
0.5924
0.026319
0.11753
-0.18352
0.18774
0.21864
0.54755
0.76657
0.37805
0.57869
0.24676
0.97939
-0.38663
0.31838
0.83781
0.68611
0.75254
1.479
1.1693
0.091791
0.77431
0.50993
-0.31185
0.90101
0.16874
0.28567
0.61063
0.075518
0.64708
0.44863
-0.22616
-0.16188
-0.003062
1.12
0.2583
0.44518
0.3512
0.25325
0.65372
0.54852
-0.11067
0.098049
0.89273
0.42527
0.32239
0.8566
0.3318
0.43854
0.026906
0.59449
-0.5828
-0.16071
0.49108
0.35167
-0.079383
0.9835
1.2137
0.42756
0.25338
-0.13447
-0.21229
0.62718
0.49203
0.94834
0.10937
-0.39112
0.71604
0.43919
-0.14532
-0.057298
-0.23411
0.78114
-0.26389
0.2732
0.0020529
0.33732
0.56483
0.4643
0.2733
-0.20274
0.57388
0.43617
0.73691
1.3153
0.25137
0.43542
-0.01505
0.65279
-0.32142
0.45012
1.096
0.10308
0.48341
1.3271
0.94759
-0.11358
0.81978
-0.29354
-0.42522
0.7456
-0.10071
0.20737
-0.043088
-0.089775
0.46242
0.39701
-0.20808
0.085064
0.095796
1.6425
-0.099737
0.16553
0.73301
0.41507
0.34624
0.56357
0.04413
0.34261
0.64962
0.23074
0.53793
0.71263
0.50151
0.91676
-0.035618
0.35535
0.020627
-0.10304
0.80866
0.59637
0.73793
1.3008
0.70633
0.28262
0.69234
0.1184
-0.28194
0.62496
-0.13775
0.46536
0.43894
-0.76775
1.2147
0.19375
0.1143
-0.1649
0.2196
1.2336
-0.41575
0.53024
-0.083932
0.31286
0.69589
0.46655
0.28907
0.12533
0.97796
0.68861
0.966
0.94759
0.81597
0.41371
-0.23943
0.56054
-0.10399
0.005176
0.75072
0.33461
0.82547
1.265
0.98314
0.16208
0.75552
0.058513
-0.032678
-0.0099878
0.13614
0.70321
0.86324
-0.28521
1.0488
0.67144
-0.22826
-0.18375
0.14646
1.017
-0.16769
0.79812
0.48716
-0.21177
0.052604
0.13969
0.66116
0.052359
0.33484
0.48416
0.32392
0.77722
0.83555
0.5161
-0.074431
0.96737
-0.10205
-0.34004
0.51049
1.0373
0.79711
0.8328
0.57147
0.54861
0.50901
0.49569
-0.57287
0.3928
0.040472
0.39003
0.38095
-0.19943
1.1611
0.36371
0.084834
-0.055793
-0.34082
1.7575
-0.076431
0.44849
0.79537
0.44142
0.33168
0.090415
0.16854
-0.35644
0.6606
1.0908
0.24381
1.1632
0.79433
0.86965
0.23201
0.90787
0.064076
-0.15656
0.15175
0.36483
0.42923
0.80703
1.2184
-0.11858
0.37269
0.088967
-0.36741
0.73135
0.30181
0.81438
0.49662
-0.42571
1.2325
0.46825
-0.33007
0.55029
0.34349
1.3529
-0.3393
0.59256
0.72467
0.59632
0.71204
-0.16571
0.51848
-0.16385
0.42183
0.1582
0.76745
1.2374
0.0074636
0.20722
0.55129
0.41936
0.25421
-0.08498
1.0238
0.37172
0.5912
0.6387
0.41264
0.62806
0.5295
0.17096
-0.29572
0.85637
-0.27417
0.12639
0.056339
-0.1149
0.59159
0.5525
0.32966
0.55042
0.20436
1.0653
-0.12341
0.54081
0.72291
-0.17472
0.82873
0.63303
0.66363
0.094465
0.8408
0.22323
0.19272
1.2051
0.80392
0.064658
0.35696
0.6252
-0.45896
0.40832
0.56494
0.75514
-0.083619
1.3377
1.3026
0.15303
0.63345
0.39421
-0.86516
0.7959
-0.023345
0.68555
0.38592
-0.25364
1.1143
0.26887
0.16619
-0.27791
0.50014
1.3458
0.17015
0.97666
0.61815
0.30894
0.71884
-0.0076482
0.66024
0.40689
1.0311
0.16518
0.64364
0.81564
0.0047779
0.88768
0.3531
0.35914
0.030755
-0.14604
1.1075
0.24316
0.4911
1.0683
0.71535
0.64948
0.32796
0.15311
-0.081572
0.54726
-0.29992
0.3946
0.80187
-0.52929
1.1783
0.76679
-0.14605
0.48042
-0.23455
1.6026
-0.26486
0.77199
0.16105
0.64642
0.70232
-0.14369
0.3977
-0.43976
0.52349
0.67598
0.61015
1.1679
0.70079
0.87089
0.066726
0.69407
0.25823
-0.33798
0.70116
0.41001
0.81416
1.227
0.76794
0.64737
0.83439
0.20064
-0.92734
-0.084875
-0.25012
0.46045
0.11774
-0.84235
0.76011
0.2519
-0.036068
0.10858
0.56274
0.99872
-0.27595
0.99347
0.28246
0.73978
0.34621
0.71073
0.24992
-0.46151
0.45184
0.85313
0.47465
1.3198
0.031242
0.3438
0.16908
1.0454
0.052418
-0.053576
1.0463
0.28421
0.78649
0.87295
0.71664
-0.22871
0.64629
-0.042744
-0.38239
0.82479
0.25311
0.26518
0.83096
-0.90015
0.65854
0.73986
-0.27044
0.27209
-0.16528
1.1834
-0.38744
0.15586
0.12999
0.3888
-0.13018
0.34728
-0.08988
-0.20119
0.57794
0.92052
0.28066
0.7777
0.86843
0.089646
-0.34963
0.97353
-0.37861
0.56066
0.32468
0.64468
0.46951
1.118
0.76568
-0.079666
0.35787
0.33458
-0.031816
0.44835
0.30864
0.68485
0.88543
-0.55075
0.89901
0.15019
-0.28761
0.099453
0.26882
1.6132
-0.078987
0.067677
0.55742
-0.090619
-0.067598
-0.22923
-0.21207
-0.3892
0.50002
0.4084
0.21036
1.0298
0.076141
0.70095
0.49518
0.72318
-0.26627
-0.023058
1.0185
0.61502
0.013617
0.83668
0.47155
0.12156
0.46261
0.16466
-0.89423
0.60344
0.019598
0.65071
0.35957
-0.15984
0.67173
0.20859
-0.21239
0.5462
0.57223
1.6912
-0.22664
0.20815
0.19501
0.49907
0.74861
0.57967
0.67834
-0.45483
0.23406
0.31235
0.31927
1.1249
0.18692
0.56444
-0.22103
0.8517
-0.21226
0.44475
0.1453
0.45346
0.066434
0.70462
1.2042
0.19445
0.64332
-0.30043
-0.43661
0.30213
0.27663
0.043659
-0.016177
-0.45921
1.2473
0.7177
0.18667
-0.24345
0.23676
0.81374
0.042406
0.43141
0.33463
0.66704
0.5982
0.67947
0.46041
-0.17229
0.56577
0.62833
0.29627
0.83697
0.10874
0.49159
0.0076095
0.32838
-0.30564
-0.34068
0.74793
0.30771
0.46024
0.96199
1.0494
0.54756
0.21472
0.043652
-0.87887
-0.005014
0.17726
0.18803
0.66269
-0.87803
0.60228
0.86671
0.46799
-0.23991
0.087969
1.3033
-0.48309
0.92217
0.10073
0.70652
0.53381
0.33274
0.24974
0.16432
0.34277
0.23169
0.41727
0.49758
0.34603
0.94728
0.21681
0.84628
-0.21941
0.0052349
0.54463
0.98115
0.32183
1.315
0.33852
-0.056219
0.18839
-0.26235
-0.83609
0.36234
-0.16501
0.52349
0.61421
-0.047904
1.1828
1.0019
-0.14066
-0.27037
0.52462
1.6663
-0.30176
0.14592
-0.040692
-0.23794
0.66034
0.5385
0.61565
-0.26637
0.56559
0.75917
0.73817
1.3743
0.57904
0.89864
0.53002
1.2663
-0.40073
0.50446
0.24846
0.95092
0.0064876
1.5353
0.93724
0.36613
0.56191
0.12614
-0.4831
0.5886
0.22556
0.20601
0.31566
-0.28607
0.94007
0.14641
0.47099
0.39753
-0.072147
0.92528
0.17793
0.32674
0.086
0.61566
0.65565
-0.024284
0.5999
-0.48936
0.96456
0.93701
0.51935
0.52712
0.048504
0.1461
0.3269
0.75436
-0.16261
0.47706
0.35113
0.21548
0.33354
0.85905
0.53809
0.040104
0.2304
-0.21176
-0.65652
0.88599
0.52109
0.73602
0.53182
-0.678
0.66627
0.036202
0.45864
0.27285
0.38141
1.0619
0.11922
0.51865
-0.06613
0.63148
0.060507
0.003979
-0.0070721
0.25988
0.26833
0.83378
0.8715
1.1422
0.75891
0.67083
0.376
0.63282
0.23958
0.10898
0.99097
1.0357
0.70976
1.0537
0.90525
0.2875
0.69946
-0.21345
-0.51075
0.39775
0.50793
0.5748
0.11958
-0.78661
1.0802
0.22949
0.089664
0.30769
0.27509
1.065
0.093714
0.36617
-0.094019
0.48328
0.57132
-0.20807
0.44011
-0.53099
0.99842
0.99758
0.63599
1.249
0.094315
0.17787
-0.3562
0.96109
-0.37723
0.30197
0.66832
0.40487
0.80737
1.4642
0.82559
-0.11288
0.18222
0.28209
-0.31606
0.88306
0.62366
0.40422
0.13202
-0.52639
1.3075
0.61082
0.27338
0.52621
-0.14757
1.0829
-0.39236
0.92932
0.62408
0.73452
0.027858
0.51326
0.068148
-0.053918
0.39479
0.8265
0.39587
1.0802
0.80264
0.016091
0.55552
0.40128
-0.53343
0.20461
0.46235
1.0529
0.5764
1.5519
0.44701
-0.13123
1.0279
0.3424
-0.99988
0.012167
-0.23165
0.28399
0.80962
-0.80563
0.99644
0.93655
0.62457
0.47313
-0.33381
1.1766
-0.36679
0.43548
0.73026
0.042495
0.42952
0.51192
0.4227
0.28411
0.16114
0.96603
0.076167
1.1223
0.68207
0.14942
0.45814
0.4256
0.24237
-0.21617
0.81657
0.71354
0.053214
0.92442
0.50175
0.69657
0.62777
0.55919
-0.80558
0.5502
0.44687
0.40263
0.78525
-0.75172
0.62546
0.358
-0.10352
-0.082573
0.60482
1.3873
-0.081982
0.5902
0.2183
0.30338
0.63352
0.17434
-0.20812
0.31537
0.14881
0.75319
0.80241
0.49885
0.75868
0.89889
0.1509
0.7226
0.12436
-0.16805
1.1214
1.0581
0.435
1.5297
0.53884
0.24332
0.99331
0.27018
-0.58938
0.7606
0.05642
0.47091
0.40029
-0.59047
1.2925
0.89637
-0.0080067
0.52885
-0.070117
1.6939
-0.51634
0.96707
0.69356
0.26515
-0.12425
0.48032
0.062505
0.22923
0.53846
0.70921
0.44515
1.1279
0.29126
0.92426
0.43573
1.0421
-0.36936
0.4189
0.50272
0.86886
0.72874
1.6327
0.34828
0.0014965
0.51541
0.45458
-0.64091
0.030558
0.57557
0.18443
0.54287
-0.1018
0.68218
0.99826
0.092446
-0.19698
-0.19276
1.4597
0.19711
0.78403
0.076141
0.74367
-0.097257
0.046362
0.37618
-0.56232
0.16022
0.66723
0.7168
0.64467
0.6034
0.50594
0.10035
0.96657
-0.29578
0.15838
0.43342
0.16156
0.55789
0.66372
0.68734
-0.164
0.37511
-0.17771
-0.30915
0.61372
0.37531
0.36309
0.5003
-0.55593
1.3609
0.45612
-0.23502
0.44597
-0.3392
0.98397
-0.53993
0.31856
0.068644
0.48935
0.49743
0.67712
0.033813
-0.19684
0.58632
1.0113
0.63602
0.83342
0.43186
0.92857
0.16937
0.6547
-0.11202
0.52895
0.90821
0.15514
0.30294
1.4064
0.50213
0.11617
0.29973
-0.38553
-0.84108
0.3604
0.34196
0.4698
0.083776
-0.10973
0.49466
0.13366
0.52747
0.26919
0.13966
1.3764
0.15497
0.027214
0.33616
0.14152
-0.080392
0.41524
0.48092
0.10072
0.22583
0.42422
0.92817
1.085
0.21707
0.0069566
-0.1499
1.0105
-0.23982
0.49095
0.20766
0.081522
0.52282
0.85066
1.0562
0.47419
0.48717
-0.14503
-0.50457
0.70503
0.4316
0.37458
0.39312
0.073919
1.3135
0.74458
-0.1204
-0.34417
-0.27991
1.0217
-0.52586
0.38165
0.49487
-0.14026
0.7489
0.16733
0.23769
-0.53254
0.24427
0.13196
0.33374
1.1717
0.91712
-0.0050957
-0.35089
0.92847
-0.10812
-0.22452
1.0144
0.52488
0.51247
0.95168
0.43755
0.68952
1.0374
0.60112
-0.81119
0.28323
0.37317
0.030762
0.55502
-0.56445
0.86048
0.15438
-0.16319
0.17243
0.053461
1.0613
-0.22196
0.42181
0.70572
0.17789
0.60409
-0.035203
-0.052568
-0.44606
0.71274
0.7145
0.98571
1.3701
0.78115
0.59314
0.4712
0.77891
-0.20731
-0.21651
0.87853
0.65665
-0.062895
1.29
1.2581
0.25962
0.68305
0.32409
-0.9725
0.10151
0.53789
0.787
0.89897
-0.61143
1.2712
0.82515
0.49101
0.027663
0.17824
1.6716
-0.079118
0.025437
0.08544
-0.10545
0.57331
-0.26379
0.1401
0.070639
0.65712
0.27682
0.14176
0.59959
0.34944
0.91239
0.27612
0.42549
0.10359
-0.051147
0.82796
0.39233
0.4568
1.6304
0.96966
0.64952
0.43581
0.043502
-0.30583
0.91648
0.13616
0.33265
0.56704
-0.13792
0.79814
0.21062
0.04754
-0.34037
0.073487
1.447
-0.17003
0.73594
0.11414
0.46346
0.78058
0.39719
-0.16301
0.058376
0.48114
0.60067
0.45312
1.3741
0.097552
0.54324
0.043795
0.4168
-0.14463
-0.14623
0.89955
0.12172
0.55221
1.2698
0.38341
0.60691
0.9385
0.36593
-0.10259
0.57361
0.65524
0.73681
0.020683
-0.9014
1.2427
0.34125
-0.070557
-0.29482
-0.17412
1.1403
0.16049
0.78144
0.79985
0.46933
0.21068
0.2252
0.44787
0.32397
0.23406
0.31824
0.38022
0.75275
0.85056
0.65856
-0.41003
0.77377
-0.15694
-0.071382
1.0375
1.0492
0.46679
1.2004
0.5344
0.55857
0.31334
0.17931
-0.4204
0.38249
0.41314
0.56627
0.74258
-0.17598
1.3765
0.76828
0.22742
0.19796
0.23874
1.7176
-0.23483
0.71247
0.047895
0.52989
0.026729
-0.23711
0.013289
-0.27917
0.28266
0.34248
1.0421
1.0268
0.46712
0.22805
0.54407
0.96953
0.02991
-0.29399
0.58578
0.86123
0.024547
1.4236
1.17
-0.14227
0.14012
-0.33469
-0.58583
0.81165
0.0061487
0.43673
0.0975
-0.25631
0.94844
0.7334
-0.20711
0.49399
0.10824
0.85601
-0.27514
0.88874
0.76919
-0.2184
0.81207
0.60188
0.31209
-0.11295
0.55045
0.49236
0.20042
1.2865
0.47074
0.84516
0.29541
0.79421
-0.036195
-0.20148
0.70549
0.92093
0.85078
1.5752
0.36871
0.70611
0.56975
-0.32813
-0.88746
0.23088
-0.17345
0.73511
0.84745
-0.057746
1.0824
0.80174
-0.23891
0.12295
-0.28913
1.5684
-0.33027
0.84991
0.53608
0.098227
0.079792
0.016453
0.15817
-0.074635
0.50695
0.84671
0.073552
0.79169
0.17236
0.35888
-0.1047
0.26693
0.020954
0.20011
0.94519
0.48965
0.53667
1.2861
0.65719
0.078182
0.76172
-0.37091
-0.10419
0.56432
-0.20755
0.93811
0.43709
0.024605
1.383
0.28613
0.20003
-0.38664
-0.18875
1.1056
0.097527
0.34171
0.36401
0.14172
0.61989
0.65764
0.14296
-0.52987
0.20653
0.43029
0.33647
1.3351
0.49181
0.56738
-0.3872
0.51129
0.12194
0.064123
1.0502
0.58941
0.33878
1.5826
0.90007
0.70066
0.83175
-0.28858
-0.76158
0.15358
0.07192
0.50095
0.81197
-0.12868
0.99276
0.51983
-0.04068
0.29107
0.28289
1.5297
0.19293
0.048348
0.42529
-0.040105
0.73639
0.59733
0.54088
-0.56708
0.63381
0.45733
0.11178
0.66727
0.047488
0.22087
0.49335
1.0472
-0.61744
0.49287
1.0389
0.096207
0.23695
1.3322
0.33254
0.0018211
0.37654
0.43201
-0.52633
0.059264
-0.20383
0.4039
0.13134
0.036534
0.53742
0.22817
-0.31349
0.49169
0.37678
0.9568
-0.3338
0.61809
0.42155
-0.17286
0.050072
-0.1608
0.54688
-0.028316
0.30885
0.76894
0.1381
0.4239
0.55106
0.34684
-0.01368
0.50971
-0.14469
-0.21348
0.11358
0.97409
0.40873
0.83496
1.1859
-0.12111
0.60049
-0.23494
-0.085165
0.89217
0.1482
0.16655
0.68476
-0.1508
0.88627
0.83628
0.49553
0.17113
0.44008
1.2276
0.10425
0.91833
0.7652
-0.10734
0.50069
0.41149
-0.11992
-0.16514
0.39917
0.52919
0.71622
0.67393
0.86408
0.52701
0.46322
0.69767
-0.27097
0.21567
0.86269
0.95604
-0.0069997
1.3932
0.46906
0.59112
0.19653
0.083949
-0.2109
0.52866
-0.068155
0.36182
0.50985
0.031238
0.68832
0.63925
-0.30518
0.35801
-0.15451
1.2606
-0.080315
0.26179
0.29425
0.682
0.23808
-0.27768
0.2933
-0.43714
0.7381
0.44998
0.72503
0.47709
0.32089
0.60411
0.5299
0.68218
-0.3863
-0.44201
0.66875
0.091846
0.84025
1.0585
1.1708
0.68517
0.74661
-0.053029
-0.24971
0.52998
0.3361
0.58171
0.88696
-0.0080174
0.86077
0.18062
-0.015922
-0.37555
-0.33274
1.5536
-0.42904
0.81654
0.60731
-0.03268
0.36743
0.50467
0.31036
-0.39804
1.0792
0.62945
0.86694
1.2388
0.552
0.42083
-0.1637
1.0259
0.35355
0.027231
0.29199
0.58549
0.18357
0.99409
0.50743
0.54413
0.53637
0.060404
-0.33435
0.085413
0.60626
0.73387
0.59896
-0.34406
0.63166
0.88271
0.16911
0.019044
0.43678
1.4464
0.31924
0.61832
-0.035821
-0.10613
0.047345
-0.28243
0.057979
0.11028
0.49512
0.12792
0.036443
1.0807
0.75317
0.060938
-0.11996
0.71658
-0.32031
0.18919
0.90672
0.71933
0.83765
1.2364
0.87373
0.74931
0.11573
-0.32905
-0.090617
0.3665
0.34017
0.40518
0.97775
-0.067037
0.64924
0.4128
0.025194
0.39273
-0.30458
1.5446
-0.63646
0.04567
0.25456
0.6018
0.67406
0.5849
-0.11862
0.24414
0.36161
0.15051
0.99794
0.4912
0.23329
0.028065
-0.33419
0.89521
-0.60247
0.36729
0.37749
0.46261
0.55811
1.515
0.59302
0.72563
0.83867
-0.32957
-0.87413
0.15447
-0.24649
0.90918
0.033603
0.0057449
0.52482
0.34906
-0.11292
0.16185
0.23774
1.0499
0.10363
0.042732
0.073867
0.69737
0.71725
-0.33087
0.64397
-0.22349
0.62084
0.82141
0.58079
1.41
0.5412
0.63786
-0.12742
1.1937
0.25703
-0.37965
0.71241
0.91013
0.50802
1.3553
1.0478
-0.11451
0.69411
0.48609
-0.71965
0.45808
-0.12101
0.76355
0.39232
0.056759
1.0146
0.34748
-0.13541
-0.32155
0.25149
1.01
-0.085153
0.067138
0.70248
-0.058603
0.60126
-0.23702
0.15342
0.1191
0.63897
0.72387
0.98331
0.67098
0.63861
0.74428
0.3859
0.87924
0.34019
-0.48519
0.16878
0.60491
0.23629
1.1933
0.42455
0.34056
0.92368
-0.28821
-0.68972
0.058529
-0.16445
0.61275
0.91623
-0.16428
0.40639
0.44623
0.20984
-0.036856
-0.30733
1.4173
0.0098636
0.40959
0.23996
0.29927
-0.066732
-0.12496
0.10142
-0.48272
1.0933
0.93626
0.9522
1.3015
0.40662
0.37673
-0.4418
0.98015
-0.27456
-0.29171
0.77527
0.24766
0.033688
1.5265
1.155
0.62131
0.17973
-0.1903
-0.21105
0.77786
-0.07149
0.31174
0.37238
-0.48318
0.4659
0.93876
0.44809
0.25412
0.64416
0.87489
-0.15053
0.56399
-0.062704
0.41064
0.28883
0.33429
0.37002
-0.3246
0.93713
0.858
1.0093
1.0422
0.38013
0.15198
0.50601
0.9091
0.1416
-0.31439
0.32337
0.93866
0.62518
1.4558
0.56745
0.61011
0.88039
0.45737
-1.0006
0.22447
0.50493
0.95389
0.12551
-0.60016
0.45092
0.53736
0.095237
-0.20103
-0.12496
0.83305
-0.66064
0.22018
0.45633
0.36208
0.82439
0.28182
0.12266
-0.25081
0.11388
0.30372
0.464
0.77059
0.15702
0.091262
-0.46803
0.99842
-0.32989
0.21772
0.52345
0.32872
0.1575
0.85685
0.3735
0.54977
0.35065
-0.37337
-0.71835
0.83813
-0.19777
0.31093
0.52684
-0.3613
1.1914
0.051063
0.50192
0.53247
0.43065
0.86033
-0.53797
0.33382
0.18124
0.4225
0.73022
0.41809
0.37161
-0.14891
0.49737
0.63593
0.61391
0.49196
0.93905
0.48671
-0.40055
0.54192
-0.080531
0.10984
0.85397
0.69245
0.56169
1.1593
0.58696
0.53457
0.56973
0.044707
-0.93087
0.82086
-0.1949
0.76826
0.046234
-0.13608
0.7455
0.4492
-0.29124
-0.10504
0.41815
1.6672
0.089688
0.17997
0.15126
0.65987
0.026143
0.48883
0.14955
0.29813
0.64675
0.61465
0.85925
0.61294
0.29922
0.162
0.30602
0.81151
0.0092016
0.23444
0.19254
1.0031
0.015873
1.4853
0.37875
0.6308
0.65127
0.41984
-0.33829
0.94252
-0.15714
0.077215
0.084327
0.061988
1.358
0.92129
0.34742
-0.2592
0.32295
1.1477
0.041819
0.25997
0.79947
-0.13224
0.70327
0.32202
0.068084
0.26449
0.4878
0.53249
0.88781
1.3194
0.23348
0.80284
0.21071
0.81751
-0.21696
-0.3523
0.11808
0.27338
0.088878
0.84675
1.2556
0.36533
0.65292
-0.1779
-0.2687
-0.0019559
-0.22751
0.64571
0.90405
-0.51329
1.1581
0.87651
-0.26262
-0.044069
0.6421
1.3001
0.18859
0.88814
0.52722
0.71275
0.58281
-0.29882
-0.036777
-0.42814
0.26295
0.38211
0.27152
0.65232
0.55501
0.32894
-0.2002
0.27377
0.26163
-0.3625
0.73448
0.027059
0.78152
1.0859
1.2359
-0.22648
0.73971
0.34799
-0.39948
0.54282
0.16616
0.40708
0.54558
-0.62397
0.5451
0.86968
-0.1502
0.041128
0.045902
1.6196
0.14112
0.043479
0.3923
0.17444
-0.082351
0.064487
0.086971
0.26072
0.33228
1.0601
0.5224
1.2591
0.23498
0.20142
0.40134
0.93002
0.12769
-0.097901
0.78668
0.44046
0.88451
1.1291
0.72174
-0.17268
0.88614
0.22637
-0.68282
0.69538
-0.077947
0.14702
0.31216
-0.78486
1.3717
0.79705
0.12995
-0.012684
0.37956
0.8425
-0.63077
0.23756
0.065961
0.75611
0.092649
-0.31695
-0.23945
-0.26522
0.94026
0.11405
0.14394
0.62551
0.98456
1.0074
0.45897
1.1568
-0.39845
-0.24297
0.44528
0.89717
0.87149
1.2208
0.57582
-0.1505
0.24081
0.3113
-0.36811
0.5292
0.48553
0.46853
0.332
-0.30866
1.0274
0.0025041
-0.30152
-0.33677
-0.2456
0.80845
0.30653
0.12269
0.25752
0.72571
0.3943
-0.16346
0.67223
0.34654
0.7788
0.16099
0.22147
0.48612
0.54299
0.962
0.081862
0.63702
-0.023302
-0.29037
0.73096
0.34341
0.52261
0.94647
0.44886
-0.15901
0.77521
0.40346
-0.68193
0.13131
-0.27897
0.89456
0.2466
-0.12772
0.87399
0.77999
-0.030085
0.11798
0.50112
1.4866
0.20455
0.59387
0.59723
0.72005
0.63203
-0.31514
-0.13678
0.12393
0.2152
1.0606
0.78154
1.4352
0.3581
0.74783
0.31775
0.61221
-0.17742
0.069783
0.81772
0.63662
0.22926
1.3949
1.0584
0.002004
0.54164
-0.28736
-0.92087
0.66832
-0.27945
0.20406
0.86468
-0.29869
1.0634
0.94729
0.46645
0.36059
0.49377
1.0095
-0.24316
0.3151
0.016002
0.055607
0.57093
0.053741
0.23123
-0.42092
0.71629
0.87179
0.068369
1.4305
0.66625
0.9899
0.35367
0.23551
-0.17832
-0.18466
0.20678
0.88972
0.24835
0.99455
1.2049
0.15446
0.50682
0.45843
-0.36451
0.67153
0.42162
0.81127
0.3341
-0.88448
1.2998
0.078554
0.52499
0.5682
0.56248
1.4087
-0.098582
0.49423
0.13028
-0.13991
0.2188
0.46358
-0.24758
-0.48034
0.39398
0.91054
0.56025
0.76296
0.82763
0.89436
0.067364
0.75538
0.08723
-0.17719
0.98635
0.13134
0.68765
0.92665
0.40743
0.30552
0.68031
0.17713
-0.29968
0.17767
0.41966
0.7742
0.873
-0.35082
0.97888
0.24306
0.1568
0.60266
-0.16649
1.0646
-0.63837
0.8544
0.52722
0.57384
0.28814
0.43197
0.36257
0.29682
0.74861
0.74316
0.017848
1.3069
0.23998
0.28339
-0.32461
0.73529
-0.10452
0.19002
0.83004
0.26757
0.81852
0.92508
0.46831
-0.01516
0.16668
0.13846
-0.40837
0.2674
0.23673
0.36367
0.74013
-0.55732
0.86174
0.20264
0.085764
0.23468
-0.20843
0.88222
-0.50264
0.13373
0.47704
0.32601
0.69427
0.010273
0.24524
-0.34516
0.714
0.99439
0.57516
1.4295
0.073955
0.48067
-0.0052942
0.91008
0.068158
0.48038
0.31112
0.56151
-0.052813
0.85121
0.82904
0.24317
0.32933
-0.29601
-0.70728
0.86137
0.27624
0.24932
0.50103
0.10068
1.1087
0.007389
0.21499
0.2544
0.080427
0.98758
-0.092628
0.80061
-0.1052
0.19031
0.38647
0.467
0.26873
0.026118
0.1664
0.56595
0.13117
1.1178
0.82665
0.14435
0.20649
0.88054
-0.58942
0.41626
0.57068
0.21223
0.47945
1.2899
0.5541
0.18904
0.80404
0.48605
-0.65441
0.41575
0.3125
0.95801
0.94315
-0.52377
0.94372
0.77816
0.56142
0.54291
0.11698
0.93525
-0.44988
0.049598
0.78157
0.69356
0.66636
0.40151
0.2283
0.10217
0.17116
0.14191
0.6071
0.69225
0.065914
0.78885
-0.089259
1.1874
-0.5538
-0.39036
1.0048
0.88414
0.13898
1.1163
0.36702
0.39015
0.63676
0.24138
-0.20891
0.79889
-0.29886
0.085681
0.56965
-0.56954
0.6235
-0.00035198
-0.16483
0.57406
0.045246
1.2293
-0.2783
0.70879
0.26337
0.66644
0.14992
0.287
0.21236
-0.55781
0.78721
0.37826
0.10464
0.91384
0.74971
0.8039
0.30985
0.62844
-0.12268
0.11807
0.76004
0.41827
0.25199
0.92118
0.74953
0.4183
0.66435
-0.094835
-0.45786
0.88151
-0.17514
0.30023
0.07459
-0.090973
1.1736
0.37205
-0.014041
0.61954
0.26024
0.74541
0.21184
0.64221
0.6588
0.55148
-0.0048795
0.0002913
0.66237
-0.087349
0.50289
0.63472
0.97365
0.89505
0.93482
0.16832
-0.42391
0.54957
-0.55757
0.026871
0.99543
0.2845
-0.008314
0.74252
0.44888
0.2927
0.48496
-0.1741
-0.37089
0.16379
-0.10073
0.59283
0.38206
-0.36747
0.71159
-0.0010839
0.069194
0.13769
-0.15786
1.3431
0.31743
0.13911
0.1061
0.30472
0.33672
0.54551
0.41271
0.14498
0.74875
0.11417
0.63868
0.76665
0.17552
0.10744
0.37924
0.45731
-0.13928
-0.13088
0.2903
0.2645
0.59422
0.65274
1.0738
0.04638
0.85322
0.044936
-0.80889
0.26406
-0.037663
0.99911
0.22218
-0.038444
1.2187
0.50256
0.33384
0.0076514
0.033376
1.5396
-0.54177
0.26273
0.24363
0.16303
0.66367
0.079605
0.49371
-0.56281
1.1092
0.36168
0.76348
0.4839
0.94798
0.77066
-0.41578
1.0734
0.18411
-0.51638
0.68381
0.63216
0.13072
1.0291
1.2168
0.21155
0.12184
0.24053
-0.069397
0.48221
-0.11334
0.89096
0.98771
-0.49639
1.1369
0.073524
-0.10579
-0.25352
-0.26024
1.2458
-0.38465
0.084691
0.54675
0.31918
0.77113
0.16679
0.67067
0.16927
1.0595
0.81708
0.25769
0.53688
0.76725
0.83935
-0.37689
0.52293
-0.15371
0.18237
0.61663
0.052311
0.86874
1.1672
0.85689
0.33143
0.61084
-0.30332
-1.0052
0.46392
-0.077821
0.69336
1.0223
-0.64037
1.1391
0.63989
0.20759
0.54958
0.38807
1.2716
-0.5528
0.079223
0.75677
0.5101
0.78044
0.50127
0.50206
-0.043182
0.45302
0.35875
0.46712
0.45821
0.50972
0.74813
-0.11954
0.81599
-0.053413
0.45646
0.29369
0.039197
0.76707
1.4795
0.65329
-0.096853
0.17779
-0.2759
-0.4434
0.90345
-0.30617
0.59436
0.28575
-0.66794
1.1001
0.15604
-0.22004
0.10876
-0.082963
1.0996
-0.45695
0.93835
0.010401
0.32056
0.056109
0.056289
0.53622
-0.10058
0.99076
0.734
0.53921
0.96839
0.51338
0.8436
0.11065
0.39772
0.3498
-0.034481
0.52439
0.75912
0.59058
1.3153
0.50253
0.13714
0.35317
0.40341
-0.063355
0.33624
0.62568
0.60707
0.22616
-0.4226
0.49493
0.67346
0.43293
0.14146
0.40873
1.4451
-0.42664
0.19232
0.27822
0.77749
0.7712
-0.35189
0.66888
0.32567
0.32398
1.0592
0.24439
1.0774
0.60915
0.52706
-0.28684
0.28007
-0.48374
0.14148
0.71861
0.85182
0.1682
0.612
0.8381
-0.047645
0.9258
-0.16208
-0.80609
0.57368
-0.093435
0.021798
1.0169
0.014182
1.3283
0.8176
0.058087
-0.24167
0.46126
1.4089
-0.20288
0.19537
0.10545
0.45824
0.3939
0.34657
0.37548
-0.49182
1.1068
0.25811
0.44903
1.0118
0.74864
0.84539
0.242
0.51555
-0.47568
0.31793
0.66454
0.6006
0.39142
1.1992
0.65792
0.61903
0.48433
0.024657
-0.73048
0.61255
0.22685
0.1505
0.76298
-0.68289
0.64701
0.67118
-0.12987
0.097922
-0.061
0.86424
0.17714
0.38083
0.27983
-0.15498
-0.02883
-0.069877
0.047363
-0.21613
0.76626
0.49721
0.8195
1.3256
0.64449
0.37206
0.0056679
0.47195
-0.29059
0.32501
0.87286
0.06568
0.84099
0.60122
0.35874
0.50564
0.3756
-0.2258
-0.19338
0.9185
0.42394
0.35524
1.0105
-0.55606
0.92981
0.19345
0.26872
-0.00059722
0.4398
0.79677
-0.54425
0.23729
-0.0070372
-0.065867
0.16051
-0.20407
-0.22627
-0.47682
0.13499
0.69056
0.25695
0.92144
0.27257
0.84577
-0.5188
0.73665
0.25561
0.2229
0.78487
0.35614
0.85612
0.94043
1.1527
0.48623
0.42372
0.079059
-0.69117
0.1782
0.43844
0.48307
0.1877
-0.39255
1.2704
0.4107
0.34111
0.14982
-0.14665
1.0736
-0.33621
0.057775
-0.032188
0.6522
0.62282
-0.31669
-0.10864
0.39606
0.99363
0.40232
0.44791
1.1696
0.52811
0.57139
0.41064
0.72267
0.15279
0.20988
0.16095
0.78119
-0.072493
1.3065
0.77088
0.08846
0.75487
0.27117
-0.58554
0.88866
0.46809
0.82466
0.54624
-0.71361
0.94577
0.88014
-0.025709
0.048694
0.070211
1.4508
0.065891
0.33128
0.66929
-0.13655
-0.044892
0.58022
0.37062
0.23094
0.25805
0.39208
-0.015912
1.0114
1.0244
0.48111
-0.19262
0.73856
-0.57929
0.23751
0.38882
0.13655
0.2819
0.85419
0.57667
-0.23733
0.23776
0.026443
-0.88901
0.44578
0.10533
0.53591
0.59774
-0.54334
0.57519
0.12039
0.24561
0.027653
0.39638
1.5145
0.17998
0.73518
0.085342
0.2987
0.43891
0.093789
-0.1093
-0.19371
0.97732
0.32571
0.16864
0.97807
0.48771
0.88064
0.16633
0.91113
-0.36285
-0.51213
0.32181
0.73736
0.14018
1.5351
0.29172
0.56332
0.19484
-0.18167
-0.58388
0.65547
0.2472
0.97651
0.52362
-0.2526
0.97626
0.5891
0.060157
0.39775
0.04996
1.101
0.12731
0.55929
0.41817
0.1805
0.085803
0.11619
0.22068
-0.39334
0.57955
0.55932
0.0235
0.54296
0.42645
1.0323
0.074781
0.98153
-0.40051
0.0070584
0.018253
0.81019
0.14288
1.2301
0.90409
-0.089848
0.75409
-0.10295
-0.8008
0.78477
-0.018346
0.52518
0.48066
-0.074393
0.90105
0.89026
-0.17375
0.60801
0.024118
1.6649
-0.56252
0.60277
-0.18423
-0.082085
0.7447
0.25163
0.58341
0.17045
0.25132
0.74882
0.44692
1.3771
0.99528
0.74458
0.099697
0.48298
0.02102
0.20869
0.75748
0.38063
-0.038249
1.2767
0.66987
0.58546
0.24048
0.52745
-0.13301
0.39437
0.4225
0.7661
0.64602
-0.72903
0.40363
0.83603
0.2812
-0.20974
-0.0027477
1.5673
-0.55368
0.86613
0.68854
0.14772
0.68995
0.42627
-0.064252
0.16936
0.77183
1.0706
0.3628
1.1816
0.18821
0.11266
-0.0079081
0.61141
-0.3113
0.44583
0.70468
0.33086
0.15676
1.3296
1.1581
0.095377
0.068856
0.12152
-0.6235
0.3006
0.13438
0.51068
0.65331
-0.58456
0.8944
0.4931
0.16908
0.29495
0.14342
1.6398
0.052153
0.34281
0.76847
-0.20655
0.11202
0.44644
0.53939
-0.21834
0.97535
1.0085
0.72952
0.89342
0.65575
0.91344
0.43475
0.82402
-0.10628
0.35583
0.78069
0.49654
0.44192
1.2127
0.60371
0.076371
0.14326
0.2987
-0.67025
0.68319
-0.33658
0.15125
1.0153
-0.14817
1.268
0.70154
0.19094
0.35498
0.24034
1.1299
-0.34833
0.93546
0.71109
0.23401
0.30914
0.17287
0.55528
-0.45872
0.57626
0.85618
0.68134
1.1273
0.89009
0.49342
-0.31524
1.1655
-0.073596
0.20611
0.82404
0.57819
0.3111
1.1924
0.94869
-0.2364
0.73338
-0.3715
-0.79611
0.80667
0.093269
0.014888
0.27073
-0.47912
1.0745
0.74139
-0.064253
-0.24309
0.71055
1.2479
-0.45974
0.41263
0.084373
0.35602
0.53038
-0.25684
-0.19999
-0.033866
0.26432
1.0088
0.38804
0.85457
0.26882
0.91359
0.33651
0.32347
-0.36843
0.16638
0.15727
0.32937
0.26106
0.91716
1.1858
-0.083473
0.18754
0.54177
-0.57792
0.81348
-0.25562
0.22981
0.62216
-0.54216
1.3052
0.56516
-0.18316
0.00098475
-0.092991
1.4357
0.13701
0.89695
-0.031482
0.20143
0.69101
-0.16704
0.4287
-0.22251
0.79588
0.39167
0.9174
0.68907
0.8155
0.17866
-0.094114
0.87701
-0.6191
-0.014928
0.23435
0.35852
0.47863
1.5725
0.30741
0.010129
0.29593
-0.21732
-0.40569
0.79545
0.19358
0.090192
0.20537
-0.18075
0.67987
0.81774
0.64559
0.47907
-0.20893
1.46
-0.27934
0.8495
-0.024704
0.41027
0.032788
0.44913
-0.04673
-0.33071
0.26142
0.5183
0.85367
0.94886
0.68641
0.12627
-0.094331
0.93578
0.27385
-0.16858
0.099234
0.24313
0.89369
1.415
1.0175
0.50841
0.96942
0.46111
-0.39989
0.98571
0.46923
0.62266
0.90958
-0.70665
0.6675
0.48361
0.091553
0.010144
0.65476
1.0215
0.21254
0.23041
0.66009
0.068665
-0.078867
0.0020554
0.16218
0.34789
1.0319
0.34146
0.55073
0.77586
0.59402
0.78187
0.13326
0.29502
0.1903
0.19465
0.42625
0.15525
0.29696
0.58011
0.81277
0.30727
0.058508
-0.034314
-0.53515
0.95068
0.40769
0.76345
0.90066
-0.62555
0.67999
0.94258
-0.15672
-0.16493
0.67759
0.83035
0.13149
0.77116
-0.068
0.75654
0.097764
-0.11693
0.26562
-0.21286
0.82581
0.66001
0.68251
0.54872
0.43414
0.9671
0.35724
0.82955
-0.21848
0.29986
0.79755
0.12389
0.51288
1.3713
1.0137
-0.24822
0.18666
-0.03393
-0.6016
0.97468
0.59002
0.62122
0.78211
0.032425
0.7027
0.18375
0.23069
0.66018
-0.018292
1.6966
-0.19453
0.31426
0.54132
0.30475
0.26441
0.017722
-0.0017057
0.34147
0.1808
0.44955
0.08003
1.3609
0.16179
0.26675
-0.18367
1.1214
-0.23431
-0.31603
0.29877
0.88197
-0.098491
0.75579
1.0318
-0.083643
0.50025
-0.12245
-0.16462
0.90649
0.65923
0.39447
0.56169
-0.11222
0.73854
0.9126
0.13033
-0.22302
-0.066894
1.0752
-0.54999
0.88784
0.70126
-0.17155
0.091352
-0.27658
0.3551
-0.06466
0.19725
0.86416
0.70346
0.59253
0.73755
0.83665
0.28682
0.59822
0.090387
-0.46433
0.070264
0.78833
0.4387
1.478
0.45006
0.5718
0.054996
0.18702
-0.97473
0.31645
-0.11915
0.28025
0.65328
-0.16477
1.2589
0.6375
0.3377
0.13804
0.13652
1.1671
0.23251
0.43348
0.70177
0.57989
0.71048
0.50221
0.12125
-0.43644
0.37436
0.18242
0.64016
1.3917
0.77941
0.45459
-0.29063
0.57981
-0.021552
-0.035922
0.79858
0.31256
0.0052283
1.4156
0.68863
-0.0050182
0.59754
0.16728
-0.073311
0.14691
0.38154
0.92406
0.24955
0.039326
1.1564
0.64851
0.36215
0.27257
-0.06994
1.3274
-0.23006
0.48103
0.41193
0.64549
0.0042108
0.62279
0.63906
-0.05704
0.93848
0.38377
0.47905
1.1967
0.50566
0.30457
-0.26848
0.80922
-0.27742
-0.077692
0.95565
0.77384
0.098036
1.5341
0.31902
-0.23946
0.19946
-0.11185
-0.66828
0.93411
0.60487
0.087018
0.46429
0.090359
0.55573
0.0306
-0.28561
-0.042414
0.45841
0.84307
0.10268
0.4261
0.17586
0.72901
-0.025173
-0.10693
0.19379
0.20606
0.8539
0.12987
0.74886
0.76156
0.54169
0.12606
-0.17962
0.35443
-0.41668
0.42241
0.74594
0.80375
0.026421
0.79334
0.85127
-0.25386
0.262
0.25705
-0.83584
0.77056
-0.22856
0.47124
0.18221
-0.33629
0.58772
0.14387
0.12959
0.29576
0.0874
1.4459
-0.25925
0.084872
0.22257
0.087889
0.245
-0.30744
0.52954
-0.41669
0.39776
0.51033
0.66655
0.67247
0.92844
0.79898
-0.18591
0.45393
-0.01277
-0.11684
0.91951
0.63606
-0.0059325
1.3747
0.95421
-0.15798
0.19589
0.5317
-0.83388
0.12624
0.2076
0.030025
0.63123
-0.40905
1.1755
0.57811
-0.23727
0.42477
-0.082627
1.651
-0.558
0.74465
0.58055
0.46576
0.28184
0.53242
0.2498
0.11965
0.23534
0.93038
0.41307
1.3634
0.90215
0.25376
-0.38203
0.33391
-0.49708
-0.30091
0.19516
0.42949
0.19903
1.417
0.84188
0.60433
0.72424
0.30306
-0.18551
0.21989
-0.20533
0.4845
0.34506
-0.18372
0.55917
0.19461
0.32075
0.34931
0.78585
1.6986
0.12816
0.86653
0.18084
-0.090308
0.66955
0.2875
0.7721
0.28098
1.0744
0.24233
0.68367
0.72773
0.73698
0.50729
0.048074
1.1348
-0.30732
-0.43348
0.73928
0.35459
0.39349
0.8959
0.86473
0.58133
0.62697
0.10154
-0.1193
0.4339
-0.31057
0.076845
0.85193
0.11677
1.0674
0.26562
0.42679
-0.1641
0.70667
1.4928
-0.44059
0.45813
0.77075
-0.047966
0.16036
-0.30288
-0.069587
-0.41103
0.8151
0.16787
0.48919
1.2171
0.20691
0.70111
-0.082539
0.61319
-0.1221
0.47473
0.098345
0.18063
0.76642
0.6668
0.33395
0.31689
0.02561
-0.28968
-0.64036
0.62488
-0.11564
0.41569
0.96992
-0.49163
0.8657
0.17073
0.056709
0.58991
0.75967
1.2442
0.2973
0.78575
-0.043822
-0.2337
0.67825
0.15973
0.014802
0.21479
0.75394
0.9672
0.31247
0.76861
0.43032
0.053601
-0.2349
1.0768
-0.57884
0.031489
0.030194
0.82889
0.85986
0.91145
0.4824
0.66532
0.82935
0.38984
-0.52917
0.67023
0.25612
0.452
0.88955
-0.69755
0.43175
0.51172
0.27065
-0.095908
-0.052709
0.76741
-0.15584
0.52491
-0.17738
0.022259
0.22895
-0.3384
0.48731
0.36401
0.52334
0.91137
0.95423
0.87062
1.0996
0.47569
-0.30505
0.42215
0.022756
0.424
0.82826
0.38949
0.83493
1.0842
0.95519
0.22011
0.35241
0.22637
-0.38188
0.30208
0.22948
0.98935
0.94045
0.1197
0.95237
0.3953
0.16414
-0.25065
0.13514
1.4763
0.059761
0.48208
0.75849
0.73865
0.37822
0.092168
0.58649
-0.36247
0.92984
0.84798
0.55057
0.73949
0.72333
0.61569
-0.30408
0.27735
-0.50689
0.46954
0.773
0.025961
0.42734
0.88365
0.75585
0.31072
0.031998
0.49126
-0.54922
0.28187
0.65324
0.93722
0.68468
-0.48159
1.2472
0.88896
-0.22488
-0.16732
0.041435
1.0405
0.27007
0.048184
0.077906
0.48043
-0.026608
0.51383
-0.042246
-0.028324
0.38582
0.65088
0.93467
0.5846
1.008
0.52897
0.081689
0.22367
-0.25333
0.21274
0.50237
0.96967
0.40729
0.67109
0.35599
0.19939
0.15134
0.073365
-0.41579
0.20234
-0.24448
0.055242
0.14437
-0.43511
0.75931
0.84778
-0.034536
0.59003
0.17897
0.72451
0.16421
0.19625
-0.15945
0.34348
0.6827
0.33498
0.09075
0.056914
0.27606
0.63683
0.17483
1.1193
0.52878
0.27007
0.067531
0.35125
-0.45645
-0.44159
0.35358
0.85392
0.49326
0.98981
0.88942
0.34397
0.32377
-0.2144
-0.086996
0.59626
0.62785
0.50773
0.99026
-0.056441
0.80999
0.0063587
-0.032595
0.18649
0.6936
1.618
0.044374
0.49965
0.64555
0.12015
0.54939
0.0016734
-0.083535
-0.0097839
0.14035
0.65291
0.92513
0.6183
0.18378
0.48612
-0.10936
1.1897
-0.073401
0.21294
0.072731
0.47882
0.83635
1.2984
0.66573
0.044773
0.97759
0.37782
-0.70533
0.46401
0.24404
0.77131
0.46763
-0.2337
1.2866
0.84973
0.11386
0.022708
0.64098
1.1962
-0.10629
0.17466
-0.077835
0.059563
0.86564
-0.26932
0.05422
-0.1114
0.74274
0.20372
-0.013135
0.74404
1.0973
0.94603
0.22558
0.87441
-0.12771
-0.30288
0.66929
0.17141
0.78606
0.68465
0.56401
0.57813
0.10717
0.37582
-0.55751
0.38744
0.27938
0.25289
0.75351
-0.55049
0.50481
0.31799
0.66403
0.4181
0.5587
1.6761
-0.1469
0.33076
0.67685
0.15234
0.61699
0.2938
0.6554
-0.082011
1.0922
0.42356
0.0022567
0.77651
0.97433
0.86304
-0.17168
1.1341
-0.115
-0.44369
0.63906
0.34338
0.052316
0.67723
1.0531
0.61054
-0.0025683
-0.12163
-0.97591
0.43615
0.052581
0.74202
0.49926
0.032977
0.51442
0.10202
-0.032134
0.36102
0.40384
1.2378
0.079089
0.78559
0.12829
0.04784
0.40159
0.37245
0.70035
-0.14585
0.32291
0.22625
0.28522
0.46945
0.4753
0.15
0.088807
1.1028
0.15337
0.020964
0.71442
0.40084
-0.061988
0.82519
0.46424
0.27932
0.062717
0.050636
-0.45297
0.92498
0.35457
0.85504
0.13324
-0.27448
0.41421
0.7132
0.051415
0.43947
0.68445
0.7055
-0.1412
0.36414
0.60855
0.52274
0.54183
0.043454
0.026808
-0.34406
0.30675
0.73395
0.55261
1.3936
0.66099
0.98235
-0.2621
0.77556
-0.66215
0.31111
0.13395
0.54777
0.70726
1.5736
0.88547
-0.082181
0.068171
-0.00013716
-0.047099
0.36414
-0.09086
0.18182
0.95861
-0.41449
0.86665
0.01375
0.2123
0.58483
-0.13286
1.0225
-0.18278
0.75018
0.79014
0.72034
0.51006
0.5049
0.077697
-0.085314
0.32736
1.097
-0.033403
1.1187
0.52571
0.75488
-0.36221
0.29458
-0.18108
0.38309
0.56882
0.79072
-0.047169
1.2439
0.59537
-0.14232
0.11439
-0.32811
-0.62967
1.0571
0.57341
0.64753
0.45361
-0.82623
1.0753
0.69538
-0.22403
0.48476
0.62155
0.76662
-0.080183
1.015
0.213
0.4504
0.097409
0.15327
-0.15518
-0.42338
0.58643
0.4091
0.023466
1.124
0.46212
0.82335
-0.30727
0.24151
0.024585
-0.097776
0.43799
0.23144
0.26953
1.4657
1.1129
-0.042301
0.68318
-0.094088
-0.59034
0.18056
-0.015996
1.0133
0.4726
0.077626
0.9273
0.70407
0.29033
0.13232
0.26577
1.6092
0.1138
0.13684
0.19358
0.59504
0.15617
0.0921
0.10788
-0.33046
0.73743
0.81089
0.88817
1.202
0.46583
0.64674
-0.3452
0.22407
-0.33485
0.38516
0.11281
0.29551
0.85047
1.5935
1.0856
0.60581
0.32544
0.51397
-0.75983
0.87454
0.24566
0.11296
0.66442
-0.085319
1.2558
0.071865
-0.046272
0.49719
0.48487
1.2691
-0.41549
0.98744
0.8162
0.049808
-0.066056
0.61427
0.21746
-0.23795
0.40967
1.0506
0.93043
0.51035
1.1117
0.65221
0.31579
1.1566
-0.67903
0.44251
0.19837
0.2021
0.024153
1.167
0.4825
0.54833
0.085388
0.43354
-0.46807
0.085928
0.22128
0.26463
0.64182
-0.38164
0.9849
0.24863
0.67305
0.43582
0.74603
1.1205
0.25163
0.45648
0.58659
-0.24573
0.87375
-0.2739
-0.042729
0.061329
0.87732
0.47607
0.25057
0.5715
1.0516
0.312
-0.14346
0.26745
-0.55328
0.017498
0.19296
0.57672
0.70449
1.0172
1.0103
0.42654
0.98602
-0.33815
-0.37031
0.61898
0.64656
0.74955
0.52318
-0.54633
0.71496
0.39961
-0.1615
0.22497
0.59385
1.175
-0.24136
0.40305
0.53079
0.64257
0.63233
-0.21555
-0.097319
-0.35634
0.37057
0.16819
0.12332
1.3874
0.32606
0.4999
0.23859
0.70767
-0.19748
0.25011
0.92223
0.3761
0.56927
0.68503
1.1183
0.59865
0.97892
0.026197
-0.68892
0.79463
0.30606
0.90576
0.99828
0.14122
1.1954
0.036668
-0.18013
0.10476
-0.071139
1.1018
0.17912
0.88699
0.15039
0.64834
0.52512
0.063053
0.61129
0.53804
0.47727
0.60513
0.57407
0.8239
0.77393
0.64577
0.32104
0.80402
-0.48577
-0.039116
0.38621
0.34423
0.81067
0.97987
0.76202
-0.085286
0.48467
-0.19338
-0.51337
0.80171
-0.0098033
0.65002
0.89929
0.059006
1.0706
0.22505
0.36474
0.45438
-0.17544
1.3058
0.38554
0.099512
0.050183
0.66501
0.076587
-0.052754
0.45809
-0.23467
0.55569
0.63811
0.384
0.90534
0.3379
0.14318
0.45779
0.33998
-0.42601
0.30225
0.093748
0.52928
0.77196
1.5752
0.68089
-0.029456
0.17088
0.34197
-0.91438
0.23897
0.39659
0.46013
0.30439
-0.54822
0.82242
0.17141
-0.25128
-0.26009
0.32299
1.6194
0.39143
0.35447
0.36657
0.092472
0.37854
-0.26906
0.051616
-0.070378
0.88243
0.26823
0.35079
1.3417
0.40013
0.76983
-0.17434
0.68139
-0.10286
0.18221
0.3888
0.0086075
0.33249
1.471
1.1377
0.2858
0.82836
0.0024708
-0.19236
0.97947
0.32446
0.45982
0.3061
0.15396
0.92512
0.7635
0.60741
0.19821
0.098829
1.1759
-0.52241
0.23833
0.36416
0.14171
0.63066
0.47106
0.33081
0.11784
0.69627
0.68942
0.43554
0.75295
0.96338
0.83579
-0.19679
0.41787
-0.51245
-0.28682
0.50387
0.51072
0.21189
1.4642
0.29961
0.10495
0.88677
0.52327
-0.82229
0.32317
0.63104
0.71273
0.33559
-0.72416
0.99473
0.58623
-0.14547
-0.10328
0.54758
0.72956
-0.28445
0.97053
-0.15215
0.53691
0.65948
-0.26498
0.48137
-0.40104
0.16008
0.91384
0.7334
1.3984
1.0971
0.77026
0.48125
0.33246
-0.09677
-0.11915
0.48799
0.92247
0.81876
0.85403
0.30608
-0.081977
0.66809
0.083049
-0.5681
0.80964
0.016599
0.90069
0.8744
-0.53898
1.0987
0.03768
0.56249
0.21697
-0.070534
1.2807
-0.39662
0.92708
0.54971
-0.11373
0.082665
0.12787
0.055275
0.21503
0.19971
0.89568
0.25214
0.57107
0.40837
1.0078
-0.27012
1.1045
-0.60501
-0.026949
0.8851
0.12099
0.69141
1.2925
0.94824
-0.12299
0.35592
0.36001
-0.64391
0.33573
0.5826
0.76108
0.73497
-0.81101
0.92966
0.068632
0.46222
0.7079
0.53067
1.4467
0.032894
0.95541
-0.083056
0.65491
0.3643
-0.032339
0.61795
-0.42146
0.31285
0.61162
0.85694
1.1323
1.0217
0.44362
-0.37719
0.22528
-0.2535
0.0031155
0.73361
0.80188
0.63371
1.4003
0.54794
0.28776
0.79303
-0.18417
-0.46442
1.0375
0.13706
0.32976
0.98939
-0.66356
1.274
0.73509
0.25256
-0.00086377
-0.044877
0.83411
0.20217
0.34726
0.19245
0.149
0.70708
0.25182
-0.074166
-0.35858
0.34287
0.21746
0.13641
0.59171
0.44926
0.66452
0.29369
0.70489
-0.08293
-0.18886
0.23637
0.36933
0.22717
1.0416
0.66451
-0.069634
0.90602
0.47466
-0.11138
0.92052
-0.062115
0.6733
0.59607
-0.06289
1.1572
0.38219
0.53805
0.42357
0.52747
0.93852
-0.40694
0.3
-0.052786
0.12434
0.83738
-0.1426
0.033141
0.27619
0.24362
0.97348
0.72573
1.2181
1.0531
0.922
-0.45228
0.74379
0.011827
-0.4168
0.1852
0.44212
0.35852
1.5191
0.48172
-0.17732
0.22403
-0.087238
-0.98498
0.7609
0.22782
0.75662
0.54738
-0.5599
0.80286
0.93969
0.47292
0.20502
0.72505
1.6185
-0.085609
0.33075
0.15624
-0.0045336
0.10813
-0.0096895
0.029023
0.53539
0.59077
0.81941
0.11677
0.84982
0.31548
0.43715
0.13127
1.0286
0.14293
-0.3512
0.50182
0.37594
0.22232
1.3815
1.1861
0.05323
0.49397
0.45232
-0.38055
0.3532
0.33055
0.36119
0.18663
-0.083291
0.9189
0.53267
0.41474
0.14567
0.010024
1.6561
-0.51749
0.57637
0.81365
-0.093812
0.37878
0.038057
0.67956
0.041154
0.80195
0.4931
0.31241
1.3419
0.8798
0.86433
0.025411
0.74749
-0.035405
0.17295
0.18983
0.28864
0.38093
1.5901
0.85634
0.37571
0.93081
0.65668
-0.65124
0.85624
0.15249
0.7514
0.15029
-0.15808
0.56072
0.25229
-0.024755
0.66713
0.62158
1.4086
0.4453
0.69446
0.022032
0.25137
0.34459
0.097338
0.6858
0.14326
0.26029
1.0965
0.56851
1.1798
0.73935
0.72891
0.36845
0.39517
-0.51434
0.10048
0.10806
0.65203
0.63277
0.7752
0.62953
-0.093489
0.27018
0.34686
-0.30925
0.4446
0.30428
0.25165
0.3041
-0.7912
0.44142
0.81324
-0.22319
-0.2129
0.27158
0.71466
-0.36298
0.984
0.3599
0.65273
0.84682
-0.24995
-0.26043
-0.43573
1.0733
0.49158
0.40861
0.83521
0.36038
0.5059
0.23443
0.61859
-0.346
-0.26187
0.7989
0.93056
0.23542
1.6023
1.0957
0.51382
0.63348
0.49761
-1.0292
0.68088
0.70032
0.33831
0.16183
-0.60147
0.59644
0.57851
0.0085124
0.39629
0.275
1.5495
-0.2837
0.82289
0.64073
-0.0080888
0.60761
0.28909
0.51581
0.30309
1.0977
0.9027
0.84634
0.75336
0.96507
1.0056
-0.21765
0.59153
0.23417
0.12075
-0.043828
0.94982
-0.04479
1.5995
0.62261
0.54104
0.87679
0.14611
-0.98995
0.58026
0.33646
0.68926
0.63491
-0.1719
0.6629
0.061472
-0.20117
0.67374
0.10311
0.74742
0.20762
0.35487
0.57691
0.52041
-0.097676
0.42885
0.6416
0.5053
1.0379
1.0191
0.8018
1.3124
0.72331
0.91624
-0.24166
0.95202
-0.34192
0.14111
0.93201
0.13557
0.28913
0.64604
0.72095
0.30645
0.13722
-0.22853
-0.12955
0.98932
0.51211
0.17477
0.080182
-0.01061
0.41833
0.9486
0.641
-0.21532
0.71862
1.1109
-0.38945
0.79697
-0.054622
0.22412
0.63351
0.58066
0.66787
-0.12819
1.026
0.76097
0.61062
1.0119
0.20361
0.71132
0.51525
1.0878
-0.34437
-0.16655
0.060473
0.74227
0.22162
0.65578
0.93375
0.37052
0.50561
0.47123
-0.196
1.0804
0.11643
0.32666
0.1915
-0.41313
1.11
0.70835
0.0085174
0.04475
0.019316
1.064
-0.27081
0.38344
0.0076173
0.18298
-0.042615
-0.1146
0.19672
-0.01697
0.12372
0.29368
0.6276
0.98478
0.33669
0.38281
0.17789
0.67455
0.080954
-0.38486
0.89715
0.14898
0.63621
1.6162
0.67293
0.15078
0.60238
0.62284
-0.81136
1.0201
-0.031841
0.87299
0.36235
-0.5755
0.4155
1.0095
-0.23522
0.41478
0.14499
1.392
0.1201
0.11702
0.24572
0.015471
0.0047473
0.16923
0.053675
-0.38474
0.19184
0.54553
0.6981
1.2439
0.56406
0.73089
-0.013978
0.37803
-0.041851
-0.075478
0.85276
0.64092
0.3027
0.97647
0.36967
0.26217
0.684
0.27071
-0.14827
0.84335
-0.077717
0.7061
0.75901
0.0061706
0.75958
0.89049
0.38253
-0.21516
0.78156
0.71316
-0.36007
0.6293
0.014597
0.41659
0.42555
0.40849
-0.0093404
-0.20008
1.0408
0.28678
0.1904
0.96835
0.82488
0.31711
0.079725
0.38003
-0.1954
-0.12035
0.42374
0.43664
0.83272
1.5623
1.0504
-0.21424
0.81843
-0.047856
-0.5654
0.18702
0.16661
0.3974
0.67012
-0.48984
0.87846
0.88292
0.55104
0.20418
0.48346
1.0227
-0.44273
0.0088026
0.44461
0.21561
-0.078797
0.17838
0.060306
-0.42936
0.75098
0.68701
0.38283
1.2034
0.31436
0.78254
0.046729
0.57814
-0.079004
0.51003
0.91545
0.99657
0.44149
1.2792
1.0111
-0.089789
0.66559
0.18544
-0.85229
0.52034
0.33918
0.76096
0.70696
0.070091
0.87338
0.089025
0.11107
0.12592
0.12941
0.97875
0.064302
0.53161
0.16487
0.28182
-0.033824
-0.083004
0.20686
0.11053
0.52878
0.64925
0.36477
0.5471
1.0403
0.38363
0.14486
0.74482
-0.1309
0.12131
0.64018
0.72138
0.31036
0.79459
0.22372
0.087196
0.86134
0.54384
-0.28903
0.62629
0.40767
0.77888
0.8659
-0.72017
0.43483
0.73557
0.045843
0.27732
0.67794
0.96622
0.34978
0.94682
0.25981
0.058874
0.033281
0.44262
0.51814
0.23745
0.33281
0.47229
0.020077
0.56404
0.54743
0.92137
0.22996
0.48299
0.065202
-0.24023
0.83828
0.29291
0.51852
1.4119
0.23096
0.5589
0.9852
0.32174
-0.71795
0.80862
0.63946
0.59749
0.23374
-0.37839
0.33505
0.95159
0.20551
-0.10262
0.25475
1.6688
0.14188
0.76426
-0.082743
-0.0043481
0.68714
0.39444
0.13271
0.24008
0.79801
0.32232
-0.017034
0.42578
0.25578
0.87
-0.32565
0.47232
-0.029381
-0.11534
0.4408
0.26186
0.49453
1.0693
0.92925
-0.21715
0.9778
0.090231
-0.3039
0.50662
0.53171
0.58909
0.59124
-0.84208
0.86778
0.26668
0.38244
0.15475
0.048412
1.55
-0.41603
0.26539
0.24633
0.30464
-0.015898
-0.25157
-0.2783
-0.025145
0.41232
0.41253
0.6272
1.163
1.064
0.50474
0.44839
0.23203
-0.083979
0.2599
0.31537
0.66351
-0.080144
1.197
0.53191
-0.20967
0.66758
0.22082
-0.92107
0.46945
0.21486
0.54433
0.687
-0.70163
1.1907
0.90851
-0.043551
0.1413
0.34462
0.75379
-0.1069
0.37228
-0.034236
0.57951
0.52985
0.15893
0.42299
-0.36978
1.0408
0.17554
0.19906
0.89647
0.2941
0.27658
0.48713
0.6839
0.10253
0.044377
0.77974
0.24474
0.038345
1.2443
0.30402
-0.039607
0.099717
-0.032294
-0.18644
0.58477
-0.010962
0.45104
0.5424
-0.063983
0.51781
0.65896
0.68558
-0.35982
0.31489
1.2346
0.36763
0.14444
-0.01823
0.65896
0.66185
-0.19817
0.63437
-0.38691
0.49478
0.83472
0.0013811
1.2837
1.0674
0.46132
-0.18877
0.75275
0.1722
0.15781
-0.015216
1
0.20315
0.83363
0.58154
-0.065215
0.2278
0.051617
-0.92301
0.83607
0.30953
0.42564
0.95459
0.040273
0.69612
0.11313
0.33218
0.45882
0.76135
1.3352
-0.082895
-0.0014608
0.7642
0.25908
0.21927
0.23516
0.58379
-0.0012646
0.81005
1.0586
0.085839
0.61951
0.63763
0.8196
0.028935
0.3097
0.13591
-0.44796
0.28865
0.87372
0.63961
1.2462
0.69099
-0.22947
0.26753
0.15116
-0.58354
0.66049
0.19795
0.52649
0.56306
-0.70289
0.50333
0.24013
0.38634
0.16132
-0.04022
1.064
0.37759
0.10805
0.66129
0.44244
0.047397
0.52768
-0.23546
0.24703
0.78676
0.83275
0.96422
0.45635
0.77051
0.50654
-0.10131
0.28247
0.21489
0.48454
0.80314
0.76112
0.30589
1.2049
0.90443
-0.27108
0.57106
0.2361
-0.12046
0.17755
0.3633
0.26237
0.26369
-0.82741
1.0351
0.30465
0.47084
0.21675
-0.11195
1.6277
-0.13052
0.40574
0.71375
0.18286
0.8481
-0.15602
0.4666
0.37927
0.89052
0.53219
0.92508
0.93594
0.69593
0.31495
0.34868
0.25019
-0.56706
0.51632
-0.0037431
0.77115
0.33755
0.72398
0.24375
0.63414
0.23577
0.082651
-0.9425
0.63524
0.16271
0.22034
0.053848
-0.47007
1.1412
0.3424
0.37199
0.33799
0.7614
1.4405
0.14113
0.66814
0.51858
0.62354
0.81519
0.089803
0.026738
0.47051
1.0744
0.21551
0.31933
0.40891
0.54404
0.62203
-0.24689
0.53361
-0.64845
0.1414
0.26122
0.099934
0.67999
1.3268
0.42448
-0.019555
0.17031
-0.25652
-0.53342
0.72063
0.71874
1.0181
0.19679
-0.77823
0.61166
0.90196
0.38792
-0.24404
0.054449
1.6591
-0.23896
0.030784
0.43281
0.10975
0.58738
-0.27937
0.60084
-0.20693
0.79459
0.40037
0.92269
0.7208
1.0845
0.27723
0.4564
0.77356
-0.081685
-0.17543
0.58164
0.99585
0.61024
0.92983
0.93277
-0.041939
0.47958
0.46447
-0.54216
0.85235
-0.11706
0.32298
0.81189
-0.57197
0.75517
0.68319
0.10882
-0.22007
-0.076139
0.8319
-0.061382
0.378
0.033217
0.36332
0.53163
0.27638
-0.30463
-0.21404
0.83676
0.88235
0.86748
0.93247
0.33897
0.78774
0.23919
1.0573
-0.21673
-0.11886
0.74211
0.33963
0.88979
0.951
0.28471
-0.31898
0.53957
-0.19163
-0.16343
0.76329
0.19113
0.39561
0.87824
-0.81414
0.81118
0.6491
-0.0078874
-0.05438
0.84793
1.3422
0.31821
0.58951
-0.16712
-0.22119
0.31964
0.34441
0.3345
-0.10334
0.61626
0.32295
0.092163
0.96768
0.5179
0.37176
-0.27694
1.1007
-0.27912
0.29265
0.673
0.88671
0.73462
1.0878
0.44771
0.54027
0.85922
-0.26463
-1.0143
0.72603
-0.0054295
0.14819
0.63791
-0.83419
0.35654
0.41652
-0.30716
0.038448
-0.030361
1.4453
0.17047
0.54739
0.34315
0.184
0.25679
-0.3041
0.52359
0.4981
1.0366
0.90604
0.26703
0.72332
0.61664
0.58224
0.23506
0.3523
-0.121
-0.10425
0.19922
1.0081
0.55587
0.95248
0.30738
-0.0372
0.053994
0.097458
-0.34695
0.81051
-0.16504
1.0499
0.7324
-0.76202
1.0108
0.80373
0.50178
0.16761
0.41948
1.5534
0.47039
0.035413
-0.064823
0.54624
-0.10325
0.32095
0.51024
-0.09214
0.85037
0.53909
0.91327
0.86564
0.66945
0.046899
-0.14152
0.92151
-0.58133
-0.031663
0.60425
0.48511
-0.042708
1.2496
0.41853
-0.13008
0.093799
0.25972
-0.47253
0.10566
-0.082589
0.54526
0.21214
0.0034363
1.1608
0.48868
-0.18664
0.069345
0.64679
1.3298
0.18643
0.45384
0.48304
0.003562
-0.085734
0.16467
-0.14863
0.50315
0.89375
0.7659
0.36964
1.3052
0.68093
0.75896
0.047601
0.45426
0.059013
0.3329
0.3215
0.80188
0.42822
0.94932
0.57396
0.53329
0.74535
0.48692
-0.57292
0.4369
0.61006
0.38295
0.060562
-0.78431
1.0576
1.0413
0.17623
-0.012842
0.5469
0.95109
-0.41608
0.44712
0.15258
-0.045653
0.64608
0.63264
-0.24975
0.31998
0.32136
0.16367
0.39447
0.53523
0.678
0.5651
0.33621
0.98918
-0.66358
0.21476
0.91397
1.0149
0.37174
0.90001
1.1738
0.13349
0.33115
0.10455
-1.039
0.53029
-0.13686
0.44323
0.29894
-0.88217
1.0212
0.72312
0.076936
0.053926
0.46318
0.86773
-0.20746
0.82334
0.63163
-0.23293
0.37905
0.49985
0.57229
0.34297
1.1136
0.72676
0.049626
0.48061
1.1222
0.45415
0.54106
1.0234
0.28224
0.30642
0.87541
0.71028
0.64742
0.68543
0.27294
-0.24234
0.38638
0.69148
-0.69163
0.95455
-0.1676
0.26271
0.53081
0.035295
0.38292
0.20733
0.01088
0.0035465
-0.14008
1.145
-0.30845
0.85886
0.31176
0.57277
-0.060682
0.1837
-0.20129
-0.018039
0.59248
0.47431
0.91244
1.1158
0.78218
0.94952
0.38103
0.63361
-0.027883
0.26442
0.79814
0.90054
0.14763
0.84546
0.59962
-0.16503
0.21285
-0.12038
-0.1967
0.95153
0.51635
0.30171
0.77055
-0.69687
0.70536
0.92047
-0.19132
0.15806
0.49049
1.4908
-0.23118
0.53348
0.69816
0.66014
0.4923
0.48651
-0.032889
-0.1828
0.5684
0.90452
0.45297
1.3778
0.9941
0.3244
-0.1655
0.96555
0.18911
-0.36649
0.68771
0.1748
0.54718
1.3337
0.40097
-0.32823
0.82257
-0.22664
-0.30775
0.35656
0.15317
0.3399
0.98756
-0.75804
0.71549
0.91851
-0.07648
-0.028828
0.84693
1.6686
-0.44346
0.53195
-0.24098
0.43322
0.50599
0.0522
-0.054223
-0.39747
0.84277
1.0514
0.71473
0.97983
1.0975
0.36163
-0.24876
0.59684
-0.5018
-0.2142
-0.071051
0.80128
0.68923
0.55296
0.31268
-0.28299
0.09792
0.32888
-0.54936
0.50678
0.38543
0.98944
0.056884
-0.052602
1.0168
0.35776
0.37766
0.44941
0.79864
1.0111
-0.33063
0.35391
-0.022291
-0.26739
0.068973
-0.072402
0.6487
0.20432
0.26258
0.98424
0.72074
1.1091
0.70214
0.38073
0.011439
0.19527
-0.45231
-0.38303
0.68673
0.11003
0.51296
0.81549
0.71073
0.60743
0.70463
0.14241
-0.93599
0.42531
0.28498
0.38288
0.045054
-0.35864
1.1231
0.44837
0.50398
-0.31391
0.45459
1.5836
-0.16125
0.38838
0.16735
0.28218
0.016141
-0.20838
-0.20383
-0.0079891
0.61884
0.84752
0.34935
0.70484
0.18585
0.94559
-0.2583
1.0595
-0.42853
-0.38641
0.65557
0.79669
0.83729
1.1304
0.67084
-0.04941
0.48444
0.20079
-0.44768
0.74252
0.7366
0.98237
0.31757
-0.070866
0.7694
0.078482
0.43451
0.38161
0.079976
1.1973
0.40525
0.074048
0.24711
-0.069441
-0.0022264
0.14093
-0.31399
-0.21086
0.64051
0.50639
0.5815
0.62852
1.0346
0.56362
0.49861
0.279
-0.34459
0.10422
0.048641
0.71319
0.10965
0.70123
1
-0.31596
0.6052
0.44928
-0.12855
0.29579
0.59713
0.56737
1.0352
-0.28899
1.1991
0.11041
-0.14213
-0.35934
0.042441
1.6273
0.13428
0.73848
0.29372
-0.10335
0.64666
-0.1351
0.51641
0.38968
0.90015
0.88472
0.51483
1.3095
0.42554
0.10474
0.023941
0.22893
-0.049772
-0.11301
0.50205
0.66684
0.66759
1.0741
0.63992
-0.030762
0.083292
0.19078
-0.80727
0.73023
0.47999
0.42132
0.040107
-0.12241
1.2242
0.68131
0.035905
0.49241
0.73044
1.1872
-0.32628
0.63123
-0.092572
0.018099
0.033415
-0.14573
-0.092685
0.043924
0.58115
1.0601
0.28005
0.69845
0.70972
0.75876
0.57568
0.47744
-0.34688
0.13041
0.41627
0.29444
0.80519
1.043
0.92249
0.026036
0.74623
0.45133
-0.7283
0.08565
0.35621
0.63169
0.98794
-0.57538
0.92956
0.53847
-0.071526
0.0042263
0.47094
1.2032
-0.39223
0.95188
-0.056795
-0.21269
0.42734
-0.144
-0.34012
0.11
0.78587
0.55966
0.56051
0.4822
0.6464
0.074939
-0.077614
0.28374
-0.61746
0.40254
-0.01504
0.52021
0.54172
0.86505
0.63755
0.41509
0.83908
0.051603
-0.77646
0.39363
-0.09862
0.91751
0.094559
-0.82216
1.1754
0.65876
0.53163
-0.093823
0.22096
1.0488
-0.39144
0.62388
0.67526
0.24123
0.5542
0.61801
0.22802
0.47842
1.085
0.45581
0.93412
1.214
0.67196
0.80587
0.3693
0.98307
-0.078964
0.20397
-0.04372
0.81461
0.13108
1.0616
0.72338
-0.079286
0.7264
0.70212
-0.47754
0.26233
-0.24181
0.92686
0.040757
-0.65111
0.7856
0.21552
0.11809
-0.33455
0.7379
1.3092
0.10876
0.50815
0.59925
0.20312
0.62018
0.55229
-0.23323
0.00067274
0.44437
1.0379
0.061173
1.0114
0.49175
0.25359
0.24639
0.23927
-0.50936
0.46009
0.2633
0.25553
0.0033641
1.4081
1.1484
-0.026525
0.1233
0.64662
-0.63695
0.15949
0.37889
0.2111
0.098716
-0.38076
1.1536
0.24561
-0.20332
-0.46463
0.62645
1.4842
0.38005
0.22639
0.35207
-0.25665
-0.0031768
0.045747
0.12315
-0.35187
0.8438
0.696
0.51079
1.3405
0.28017
0.6329
0.52957
0.45008
-0.57447
-0.46386
-0.065411
0.35282
0.17213
0.79446
0.78695
0.1751
0.24605
0.14768
-0.68023
0.74448
0.1059
0.59907
0.60238
-0.33518
0.26395
0.17274
0.17414
0.43772
0.11313
1.4168
-0.40778
-0.0082787
0.25491
0.34508
0.27905
0.081699
0.019705
0.32349
0.7761
0.41109
0.92061
0.78287
0.52216
0.30967
0.59177
0.5684
-0.13326
0.31883
0.063059
0.26798
0.13523
0.49106
1.0501
-0.38166
0.037578
0.60292
-0.2456
0.85338
0.67017
0.19394
0.21981
-0.23233
1.2116
0.65875
0.23747
0.45955
0.55356
1.0975
-0.13162
0.9087
0.039904
-0.27067
0.45346
0.35676
0.3885
0.52863
0.47276
0.93224
0.27724
1.3034
0.81855
0.2702
0.018941
0.81726
-0.45845
-0.035867
0.29251
0.27873
0.47449
1.3181
0.66626
0.23718
0.22676
0.76613
-1.0092
0.60865
0.56077
0.59604
0.92531
-0.41749
1.1947
0.69318
0.34443
0.43841
0.31838
1.4023
-0.25892
0.53367
-0.16627
-0.019349
0.43053
-0.10809
-0.074135
-0.19201
0.71827
0.73133
0.6166
0.40233
0.33553
0.45351
-0.28022
0.57357
-0.56676
-0.22587
0.50939
0.21855
0.36747
1.3762
1.0488
0.14397
0.49129
-0.07642
-0.52001
0.56034
0.077355
0.60295
0.20476
-0.097584
0.90688
0.27237
0.29188
0.22114
-0.1002
1.2923
-0.21015
0.48031
0.70102
0.50415
0.74603
0.61239
-0.049893
0.45865
0.4274
0.36775
0.18278
1.2637
0.59096
0.36223
0.53874
0.30537
0.25175
-0.017503
0.091918
0.33877
0.45594
1.2543
0.58308
-0.35803
1.0185
0.30204
-0.1627
0.88134
0.42091
0.70611
0.46927
-0.55444
0.26056
0.30351
-0.23101
0.31258
0.27646
0.82351
-0.15155
0.84222
0.65686
0.10997
0.75352
0.20146
0.55954
-0.16778
0.70111
0.42185
0.83504
0.92933
0.49506
0.23105
-0.11893
0.69747
0.16187
0.37123
0.77308
0.30732
0.46414
1.1502
0.28745
0.13736
0.33082
0.16465
-0.47017
0.41466
-0.033252
0.21995
0.052612
-0.66289
0.92147
0.41898
0.43564
0.31051
-0.068754
0.78554
0.26108
0.63429
0.30862
0.60175
0.054494
0.69615
-0.12859
-0.37729
0.4057
0.88618
0.34973
1.1143
0.73326
0.080505
0.36234
0.8288
0.21251
-0.45584
0.079399
0.59994
0.16773
1.3211
0.62767
-0.10891
0.61124
0.13016
-0.14526
0.27394
0.17519
0.961
0.4089
-0.70097
0.61971
0.28629
0.12626
0.13191
0.11226
1.6503
0.26544
0.28861
0.53242
0.14016
0.56367
0.01533
0.38204
0.31994
0.88669
0.38964
0.16901
0.93992
0.85251
-0.029578
-0.089467
0.83325
0.34233
-0.28221
0.16104
0.41243
0.077723
0.81396
0.76464
0.050392
0.92699
-0.095412
-0.89253
0.3784
0.43041
1.0863
0.071402
-0.65055
1.179
0.85335
-0.25819
-0.45926
0.81101
1.152
-0.44889
0.47114
0.66718
0.61249
-0.057596
0.6454
0.15471
-0.221
0.79962
1.0572
0.41828
1.3377
0.67421
0.81125
0.48383
0.74474
0.27534
0.21842
0.15636
0.78298
0.19373
1.0143
0.57623
0.22009
1.0244
0.56668
-0.28094
0.82747
-0.0049501
0.66214
0.3874
-0.3293
0.53476
0.7279
0.46477
0.39767
0.56528
0.99849
-0.26678
0.37666
0.48237
0.46528
0.48961
-0.105
-0.16223
0.4483
0.69819
0.65245
0.0039453
1.1658
0.65753
0.40635
0.70223
0.44453
-0.45633
-0.0021476
0.81741
0.64208
0.18296
0.73698
0.76328
0.37802
0.059182
0.52978
-0.59365
0.69317
0.37371
0.8518
0.98247
-0.43414
0.23796
0.92665
0.31332
0.11609
0.59603
1.3217
-0.40116
0.52049
-0.2203
0.42928
-0.073743
0.69926
0.023395
0.58838
0.94372
0.26854
0.51157
1.2763
0.80293
0.030902
0.65923
0.13119
0.33661
0.21822
0.79091
0.25324
0.65149
1.3198
0.43013
-0.293
0.090507
0.43722
-0.91329
0.75101
0.28937
0.30111
0.75147
-0.53348
0.89577
0.90782
0.57835
0.17339
0.72267
1.7573
0.28846
0.54458
0.6629
-0.10998
0.097916
0.73255
0.16535
-0.16716
0.57309
0.39983
0.29808
1.0985
0.76571
0.063391
0.026573
0.69052
0.21472
0.33352
0.30417
0.57062
0.71939
0.68887
0.35671
-0.17413
1.0175
0.34417
-0.32272
0.65077
0.34525
0.27675
0.48317
-0.60584
0.82954
0.7157
-0.0044636
0.34252
0.071113
0.79741
-0.2427
0.4969
0.050343
-0.16117
0.50475
0.039285
-0.049604
0.097898
0.71756
0.20309
0.11858
0.55096
0.90356
0.16491
0.25132
0.32008
0.0089508
0.159
0.77928
0.96407
0.89049
1.2791
0.27972
-0.1246
0.14648
0.51262
-0.52776
0.32441
0.53648
0.27047
0.20978
-0.68043
0.976
0.51254
0.013396
-0.059361
0.25393
1.2554
-0.046225
0.90755
0.65321
0.1315
0.26416
0.097677
0.13582
0.45194
0.2592
0.717
0.32988
0.75514
0.87103
0.78916
0.46218
0.24133
0.32404
0.07629
0.40221
0.48821
0.052743
0.74748
0.57119
0.36908
0.054314
0.045312
-0.28851
0.0090711
0.51707
0.87706
0.77564
-0.4453
1.2117
0.28598
0.13503
0.13109
0.58128
1.7148
0.45024
0.022648
0.33987
0.14989
0.18302
0.48897
0.15126
0.28003
0.99594
0.876
0.11684
1.3712
0.47391
0.27276
0.42894
0.22663
-0.37271
0.17559
0.47306
0.37951
0.91521
1.0459
0.93312
0.44777
0.70565
0.3424
-0.71446
0.64377
0.58897
0.69196
0.93215
-0.90329
0.70758
1.0252
0.19029
-0.016111
0.18656
0.89134
0.2096
0.082965
-0.19126
0.10984
0.44993
0.73525
0.21691
-0.31977
0.55889
0.2141
0.46496
1.3703
1.1147
0.095491
0.039143
1.0469
0.12274
0.1216
0.77387
0.77658
0.88658
1.4486
0.26553
-0.40832
0.75466
0.46451
-0.49541
0.52532
-0.1764
1.0425
0.39339
-0.056667
1.0582
0.70534
-0.20206
-0.2637
-0.060489
0.95693
0.42523
0.074928
0.55732
0.5302
0.79342
-0.21003
0.44054
-0.21219
0.2315
0.35963
0.54925
1.1836
0.91584
0.29935
0.47948
0.40321
-0.031275
-0.025667
0.15147
0.53274
0.58755
1.3072
0.91748
-0.25786
0.62594
0.60575
-0.19955
0.21687
0.072132
0.95685
0.3051
-0.52826
1.0578
1.0987
0.31721
-0.32699
-0.016298
1.4912
-0.22412
0.61912
0.53884
0.39779
0.79894
0.027877
0.52718
-0.34795
0.69482
0.77891
0.95003
1.048
0.60794
0.069379
0.056487
0.83828
0.10564
-0.467
0.78148
1.0057
0.62237
0.51946
0.70566
0.24622
0.08389
0.081823
-0.63631
0.13111
0.18715
1.1475
0.066168
-0.69373
1.0325
1.0108
0.49364
-0.48245
0.0028912
1.7291
0.061144
-0.0043166
0.48268
0.38899
-0.0046896
0.5785
0.34962
-0.0027834
1.1105
0.32771
0.46177
0.9449
0.74944
-0.0030392
-0.19642
0.17703
-0.088757
0.11914
0.7176
1.0609
0.15973
0.9461
1.1225
-0.027394
0.34629
0.09308
-0.1163
0.65656
-0.267
0.87026
0.83126
-0.31838
0.55203
1.0803
0.23959
0.06011
0.042976
1.32
0.36302
0.58361
-0.1803
0.19178
0.85163
-0.12667
0.078953
0.39111
0.37034
0.89548
0.4362
1.2388
0.68904
0.73051
0.055763
0.59146
0.0069339
-0.30554
0.13266
0.26443
0.92606
0.73013
0.5855
0.0329
0.35363
0.55256
-0.47043
0.58637
-0.065758
0.62826
0.18642
-0.40296
0.49307
0.21625
-0.033235
0.32992
0.68445
1.1786
0.1488
0.29229
0.12354
-0.085661
0.33308
-0.16325
-0.27998
-0.049205
0.41745
0.94825
0.49956
0.48869
0.52399
0.19864
0.54992
0.93749
0.22694
-0.27445
0.38106
0.13368
0.73986
0.88141
0.8377
0.52352
0.4295
0.54471
-0.48214
0.40093
-0.03099
0.40781
0.6584
-0.97473
0.22602
0.54082
0.032734
-0.16285
0.17989
1.2273
-0.40177
0.89527
-0.27848
0.18702
0.4257
-0.10575
-0.1272
-0.0016285
0.63618
0.98114
0.85342
1.3666
0.25102
0.12516
-0.089377
0.50883
-0.43916
-0.20415
0.27739
0.72444
0.60263
1.4592
0.63961
0.38155
0.24103
0.24676
-0.36568
0.91185
-0.23119
0.30808
0.92094
-0.29705
1.0682
0.90236
0.67057
-0.12514
0.3622
1.0815
0.048656
-0.045415
0.56056
-0.019911
0.096945
0.096076
0.59033
0.25944
0.49297
0.51745
0.44274
1.3132
0.4564
0.30988
0.58423
0.70819
-0.63563
-0.40052
0.18876
0.37853
0.067571
0.97841
0.68933
0.078621
0.98622
-0.07553
-0.83619
0.75592
0.23302
0.63684
0.1306
-0.33882
0.47283
0.65191
-0.24962
0.45492
0.87946
1.3463
0.17989
0.789
0.55507
-0.29813
-0.025848
0.015016
0.18195
0.16918
0.4779
0.42199
0.73643
0.82909
0.64601
0.64347
0.80703
0.20284
-0.16945
-0.0099019
0.36397
0.60737
0.95922
0.56535
0.23436
0.52534
1.0021
0.65345
-0.84015
0.37088
0.081655
1.2375
0.95066
-0.98135
0.68318
1.0307
-0.13675
-0.26287
0.085017
1.5292
-0.11607
0.04569
-0.10119
0.49585
0.69054
0.011029
0.034563
-0.11343
0.81683
0.88264
0.078007
0.81732
0.362
0.87684
0.18143
0.33399
-0.54994
0.15422
0.43653
0.3893
0.67585
1.4345
1.1887
0.36429
0.24193
0.65843
-0.44991
0.078709
0.10432
0.32199
0.92194
-0.023949
0.90671
0.37972
0.39723
-0.41929
0.92854
1.4935
-0.33147
0.023783
-0.2887
0.21637
0.74121
0.59848
0.6392
0.23714
0.58736
0.23396
0.23819
1.1059
0.55933
0.094368
0.37143
0.62814
0.16196
-0.020027
0.85928
0.9893
0.49562
1.0173
0.90469
0.21449
0.24212
0.35141
-0.28909
0.8798
-0.11354
1.122
0.28464
-0.42858
0.33241
0.65395
-0.19549
-0.13943
0.64066
0.85834
0.20815
0.83152
0.12321
0.50928
0.65203
0.28329
0.24666
0.33759
0.45632
0.67347
0.049939
1.0395
0.14604
0.54945
0.029164
0.54198
-0.17388
0.21774
0.6326
0.85465
0.39478
0.81708
0.77457
0.38846
0.96785
0.51024
-0.38538
0.49104
-0.12028
0.39997
0.60568
-0.39856
0.85172
0.20208
-0.21109
0.093397
0.38166
1.2737
-0.36281
0.34538
-0.21656
0.63841
0.6068
0.30586
-0.2398
0.39278
1.1906
1.088
0.88241
0.60424
0.41573
0.77353
0.30446
1.0291
-0.37677
-0.13597
0.68267
0.67802
0.52891
0.56398
0.31261
-0.27498
0.95192
0.56308
-0.29234
0.0052724
0.22523
0.56621
0.24974
-0.23318
1.0999
0.19459
0.28388
-0.35939
0.96944
1.3644
0.095123
0.64814
0.48635
0.51373
0.52302
-0.1439
-0.13798
-0.30017
0.74275
1.1163
0.58184
1.0605
0.27039
0.66766
0.13002
0.89669
0.14105
-0.0064294
0.91761
0.66138
0.19526
0.6874
0.24901
-0.13113
0.89241
0.17188
-0.23815
0.12212
0.010487
0.63966
0.65685
-0.44526
0.72005
0.20527
0.50829
-0.48053
0.66709
1.7343
-0.069785
0.55727
0.35682
0.42295
0.53459
0.54159
0.44113
0.027197
0.27926
0.32867
0.54224
1.2832
0.6559
0.82483
-0.052745
0.88693
0.19397
0.38758
0.020126
0.47914
0.18308
1.3353
0.36758
0.40297
0.25264
0.75135
-0.68155
0.62166
-0.069397
0.33758
0.43594
-0.71378
0.79417
0.39383
0.47374
-0.28721
-0.006059
0.8481
0.4853
-0.028712
0.19786
-0.17189
0.066414
0.55451
0.30633
0.44079
0.75655
1.0237
0.57941
0.95046
0.50976
0.49383
0.36007
0.5766
0.19064
0.19556
-0.0072603
1.0409
0.2319
1.0484
0.84895
0.33847
0.60942
-0.060077
-0.046106
0.90983
0.54382
0.67878
0.50869
-0.36825
0.90483
0.93072
0.61686
-0.2798
0.79968
1.602
0.54228
0.040475
0.37429
0.30106
0.081473
0.21774
0.025961
0.24519
0.43209
0.40344
0.91883
0.79072
0.18594
0.1076
0.38032
0.40469
0.24188
-0.25299
0.1821
0.15867
0.40679
1.1878
0.94422
-0.025097
0.15998
0.57174
-0.24887
0.095406
-0.087101
0.94303
0.3342
-0.74385
0.62031
1.007
0.048384
0.24965
0.55268
1.6299
0.34771
0.87139
-0.23319
0.49916
0.75351
0.16399
-0.13237
0.14059
0.43117
1.1465
0.31727
0.54632
0.55467
0.44664
-0.063492
0.55781
-0.070576
-0.22206
0.36897
0.64461
0.57096
1.3332
1.1371
-0.001806
0.31409
0.082344
-0.24785
0.8026
0.59975
0.44105
0.60065
-0.1928
1.0182
0.95319
0.62763
-0.10873
0.84884
1.4815
-0.23161
0.30195
0.35975
-0.34035
0.18721
0.49733
-0.26413
0.036905
0.74391
0.55851
0.89702
1.1412
0.23359
0.90115
0.84092
0.78779
-0.038347
0.452
0.063504
1.0259
0.73973
1.1805
0.96266
0.11417
0.19992
0.50653
-0.51767
0.61971
0.046293
0.61598
0.21748
-0.65942
0.64841
0.6252
0.019809
0.37888
0.066885
1.3079
0.45764
0.83481
-0.1925
0.21297
0.35185
0.85428
0.40794
0.62533
0.48232
0.30103
0.23077
1.2221
1.0758
0.12821
0.79184
0.94174
-0.47192
0.12081
0.81698
0.46125
0.13234
1.2253
0.83228
-0.039298
0.51907
0.064406
-0.85654
0.84342
-0.13577
1.1375
0.47871
-0.71879
0.333
0.83366
0.67551
-0.16928
0.22636
1.4366
0.10531
0.2988
-0.26915
0.045595
0.54667
0.014388
0.31377
0.50438
1.1031
0.84058
0.80579
1.1675
0.81013
0.83895
0.10539
0.8937
0.2661
0.22316
0.33049
0.85818
0.16355
1.4454
0.47641
0.10231
0.092821
0.73447
-0.55346
0.29221
-0.1456
0.74178
0.8499
-0.13676
0.62861
0.43634
0.47083
0.16626
0.80586
1.2608
-0.41109
0.8786
0.11446
0.50845
0.77352
0.75666
0.0096413
0.052967
0.86636
0.905
0.29811
0.54762
0.12774
0.046267
0.25869
0.019005
0.075334
-0.059907
0.36274
0.25172
0.79004
1.4359
1.0745
-0.38537
0.23771
0.75669
-0.46584
0.82888
0.32999
0.54638
0.81858
-0.49543
0.40629
1.0328
-0.0064409
0.08946
0.28152
1.7717
0.20158
0.061314
-0.12776
0.40648
0.7773
0.45669
0.52924
0.62928
0.55283
0.74339
0.3987
1.3952
1.0433
0.62822
0.28564
0.31941
0.13282
0.28993
0.31206
0.497
0.37265
1.0757
0.95612
0.32022
0.53597
0.15222
0.13519
0.18872
0.1655
0.33824
0.13258
-0.96616
0.98737
0.35144
0.10221
-0.21513
0.1453
1.8144
-0.22831
0.34551
-0.31418
0.29492
0.016363
0.34386
0.46839
-0.21611
1.0409
0.64834
0.65125
1.0591
0.11499
0.47679
0.36609
0.013037
0.0035311
0.27286
0.13904
1.0863
0.31025
0.8031
0.95991
0.42845
0.90011
0.43599
-0.42522
0.92417
-0.024072
0.6068
0.43182
-0.61092
0.68114
0.36378
0.2791
0.3686
0.23898
0.88208
-0.21796
0.45506
0.16177
0.3708
0.54972
0.59885
0.34679
0.17112
0.54349
0.36645
0.54197
0.99729
0.92069
0.58014
0.66118
0.15671
-0.33172
-0.34538
0.70649
0.73635
0.70698
0.81562
0.35552
0.06808
0.15642
0.76544
-0.11146
-0.043431
-0.095599
0.98802
0.4501
-0.56079
0.55379
0.78886
0.24353
-0.21065
0.89497
1.2265
0.53651
0.31262
0.15465
0.12524
0.47722
0.81531
0.011472
0.66453
0.61605
0.43434
0.57193
1.1454
0.61502
0.5928
0.86746
0.84614
-0.38331
0.41205
0.1561
0.41162
0.53004
0.6692
0.49222
-0.26073
0.38967
0.1325
-0.65149
0.20699
0.037481
0.51777
0.067346
-0.18384
0.352
0.97386
0.73843
-0.15158
0.12353
1.8032
0.34411
0.15718
0.15944
-0.31416
0.75614
0.67917
-0.186
0.52763
0.29963
0.27058
0.72237
1.3779
0.64808
0.71061
0.32687
0.27152
0.024763
-0.45354
0.29564
1.0603
0.3849
1.0428
0.62557
0.468
0.53827
0.95542
-0.70909
0.25548
0.084242
1.1575
0.15489
-0.82725
0.36343
0.75113
-0.050036
0.17077
0.96901
1.56
0.22557
0.31971
0.28096
0.007813
0.4902
0.74577
0.32052
0.67464
0.55907
0.27067
0.41825
1.3121
1.0741
0.69479
0.16807
0.00028925
-0.041341
0.21949
0.019346
0.97307
0.37157
0.6078
0.89243
-0.35944
0.4038
0.2881
-0.26314
0.78949
0.11966
0.90128
0.12982
-0.48224
0.86952
1.023
0.43658
-0.2856
0.98667
1.2936
0.45717
0.47814
-0.36013
0.14746
0.75716
0.16333
0.27727
0.42537
0.60565
0.30833
0.46824
1.3221
0.86475
0.21733
0.73563
0.58173
0.081296
0.15777
0.45872
0.75859
0.78737
1.0021
0.55092
0.19727
0.47255
0.41655
-0.19265
-0.045392
0.37581
0.79148
0.7611
-0.73206
0.35925
0.77417
0.054505
-0.39657
0.49812
1.7149
-0.26636
0.10612
-0.28133
0.37417
0.88881
0.38945
-0.22741
-0.035425
1.1409
0.32589
0.070062
0.71815
0.53341
0.54716
0.25757
0.65005
-0.092096
-0.47052
0.14274
0.77528
0.47739
1.5592
1.2571
0.23191
0.31076
0.77477
-0.12523
0.55849
0.5378
0.8802
0.89559
-1.0525
0.78124
0.47441
0.5572
-0.27573
0.14809
1.1767
-0.2955
0.3542
-0.1581
0.15407
-0.024428
0.052318
-0.031405
0.35631
1.029
0.70902
0.24174
1.0273
0.2966
0.14048
0.1802
0.72649
-0.56691
0.033993
0.71132
0.84627
0.64072
1.257
0.39297
-0.17898
0.67851
0.39558
0.026822
0.054652
0.095596
1.1312
0.86579
-0.72049
1.0087
0.32001
0.16767
-0.028143
0.56151
1.2842
-0.36555
0.31508
0.60792
0.40632
0.45414
0.76799
0.10272
0.32406
1.279
0.99921
0.47745
1.0778
0.21013
0.7618
0.17839
0.17073
-0.02317
-0.022013
0.44324
0.30103
0.06708
1.4856
0.68445
-0.51653
0.5457
0.91639
0.085116
0.44405
0.16476
0.57784
0.95789
-0.93091
0.31409
0.50998
0.70494
-0.20415
0.71746
1.1706
0.48717
0.49641
-0.22311
0.51499
0.011285
0.1111
0.2908
0.011849
0.29311
1.1209
0.3197
1.3716
0.53682
0.19004
1.01
0.7596
-0.35951
0.35843
0.30234
1.1617
0.90025
1.0844
0.7817
0.44705
0.47507
1.0155
-0.67955
0.32259
0.40452
1.0921
0.15892
-0.71828
0.8517
0.8325
0.55593
0.19379
0.16866
1.2042
0.062493
0.2314
-0.31171
-0.072018
0.026866
0.11642
0.032343
0.51644
1.1503
1.1279
0.14526
1.3284
0.66969
0.44746
0.94363
-0.00034045
0.046615
-0.020612
0.35472
1.2048
0.94071
1.111
0.96435
-0.54743
0.57471
0.60911
-0.45801
0.80124
-0.26266
0.88503
-0.010056
-0.42143
0.72775
0.65431
0.62116
-0.31222
0.29044
1.7203
0.55438
0.16893
0.26807
0.39557
0.72421
0.2853
-0.26431
0.38703
0.42484
1.0835
0.99059
1.3672
0.2548
0.77556
0.16866
-0.014815
0.009667
-0.39203
0.2116
0.87006
0.29738
1.1112
0.83297
-0.094536
0.60237
0.65946
-0.37236
0.79899
0.023897
1.2141
0.40154
-0.85577
0.91059
0.30618
-0.0040929
0.43938
0.72043
1.5938
-0.34383
0.23182
-0.037541
-0.29908
0.39617
0.42001
-0.10061
-0.019457
0.54854
0.37145
0.2825
0.66467
0.48578
-0.13226
0.23085
0.20434
-0.070665
-0.40423
0.14991
0.63685
0.047672
1.0969
1.2542
0.33379
0.99685
0.31154
-0.12439
-0.040427
0.44929
0.3689
0.74033
-0.75778
0.29014
1.1252
0.62109
-0.33427
1.1168
1.2548
0.18774
0.45141
0.59351
0.56958
0.36276
0.36931
-0.29582
0.5118
0.54575
0.68753
0.8387
1.0369
0.64013
0.14998
0.33496
0.20834
0.037368
-0.2813
0.55998
0.54663
0.26329
0.89215
0.81005
0.0059072
0.21382
0.15513
0.070095
0.14746
0.38138
1.0503
0.1408
-0.2447
0.66023
0.92891
0.15136
-0.22463
1.0706
1.5382
-0.18656
0.47194
-0.25979
-0.36558
0.10894
0.22895
0.3177
0.022679
0.96539
0.94492
0.31657
1.0385
0.71347
0.50741
0.55559
-0.034687
0.087819
0.26412
0.82783
0.60817
0.34328
0.96832
1.0147
-0.18209
0.12135
0.57154
-0.45725
0.28365
-0.2884
0.91026
0.35503
-0.095752
0.71243
1.1104
0.67566
-0.1194
0.44473
1.1993
0.33728
0.84668
0.24653
0.43003
0.75855
0.56504
-0.065757
0.18944
0.8439
0.33204
0.34769
1.2755
0.5487
0.09632
0.34336
0.74827
-0.087158
-0.12939
0.11939
1.2263
0.0078305
0.89902
0.98694
0.051475
0.51454
0.7535
-0.69167
0.39455
-0.01547
1.1727
0.8271
-0.17354
0.47821
1.1308
-0.03974
-0.043417
0.86676
1.0782
-0.35033
-0.029971
-0.30107
-0.029149
0.88892
0.58234
-0.033069
0.48956
0.9206
1.206
0.2206
0.52517
0.75394
-0.0071343
0.73688
-0.0032863
-0.65134
0.31758
0.76684
0.33261
0.18822
0.74589
1.1868
-0.54887
0.34672
0.74809
-0.25645
0.68764
-0.1515
0.92857
0.42762
-0.12801
0.5057
0.43566
0.43765
0.051588
0.49105
1.3335
0.088506
0.64872
-0.30581
-0.22688
-0.070434
0.70238
0.42363
-0.021176
0.61392
0.626
0.19958
1.1627
0.61173
0.37265
1.0067
-0.043246
-0.020468
0.25068
0.66574
1.2244
0.94936
1.4226
0.42254
-0.10773
0.20232
0.51391
-0.64945
0.86125
0.25028
1.3667
0.87803
-0.6023
0.2283
0.93313
-0.049505
0.10632
0.83885
1.7786
0.21068
-0.070069
-0.10078
0.45127
0.63968
0.62057
0.31977
0.59767
0.55381
0.51907
0.29406
1.2533
0.46109
-0.06787
0.49559
0.83461
-0.12161
0.26991
0.33121
0.34046
0.060145
1.2454
0.68954
0.22484
0.14773
0.78088
-0.37475
-0.044531
0.56812
0.58152
0.55789
-0.30213
0.40734
1.1074
0.77737
-0.16032
1.0192
1.2795
-0.26856
0.63137
0.47912
0.39485
0.29148
0.23676
0.20807
0.12502
0.41226
0.49178
0.14141
0.71717
0.60194
0.54728
0.84774
0.066135
-0.56736
-0.35844
0.4665
0.54635
0.52063
1.6267
0.58764
0.015251
0.34538
0.50453
-0.042799
0.005098
0.6336
1.2996
0.75289
-1.0236
1.1075
0.80685
0.18369
-0.4005
0.64453
1.938
0.26363
0.39391
0.3689
-0.11965
0.59868
0.41547
-0.22664
0.77497
0.41446
1.0543
0.79569
0.83032
0.055747
-0.169
0.44071
0.63677
0.20837
-0.051564
0.088756
0.66199
0.32951
1.0236
0.63617
0.38306
0.68235
0.41547
0.2097
-0.015009
0.19847
1.0753
0.88813
-0.12289
0.35044
0.25978
0.023592
-0.24236
0.80795
1.5092
0.34945
-0.050551
0.3314
0.089442
0.37519
0.65761
0.68821
0.23295
0.58967
0.63787
0.89865
1.2536
0.26104
0.46112
0.14557
0.88902
-0.58364
-0.38288
0.75727
0.58696
0.65412
0.83964
0.9044
-0.47018
0.36045
0.76144
-0.6849
0.41504
-0.067444
0.66534
0.47183
-0.61284
0.24062
0.74722
0.72921
0.26051
0.44119
1.9042
0.54732
0.74063
-0.023939
0.19364
0.73354
0.49261
0.42792
0.7113
0.98605
0.87105
0.97006
1.3733
0.14961
0.25957
0.42912
0.039835
-0.38493
-0.15567
0.9004
0.44497
-0.63146
