-0.22019
0.71237
1.1491
0.60943
0.22222
-0.31481
0.19104
-0.19671
0.032061
0.17133
0.65729
0.13496
0.18626
-0.12376
0.064013
0.57956
-0.83148
0.39275
0.23287
0.43524
0.46638
0.3749
0.41106
0.84182
0.55895
-0.027088
0.66127
1.0913
0.3277
0.3512
0.27669
0.49756
0.2655
0.76498
-0.22257
0.27646
0.83497
0.75879
-0.67332
0.22905
0.95717
-0.16345
-0.013418
-0.41667
-0.019965
0.55081
0.44635
0.43251
0.23972
0.09905
0.87806
-0.068704
0.39984
0.56031
-0.63545
0.11879
0.44292
0.61632
0.69964
0.025288
0.82143
0.70124
0.81618
0.26923
0.30945
0.48687
0.37605
0.084604
0.46511
0.30045
0.056468
0.68253
0.33465
0.53353
1.2304
1.1833
-0.31201
0.087065
1.07
0.11544
0.63658
0.1124
0.033217
0.77062
-0.43411
0.18289
0.61841
-0.38763
0.67754
-0.17017
0.33949
0.050597
-0.49725
0.79086
-0.054803
0.61929
-0.15236
0.073743
0.30513
-0.061779
0.90181
0.081331
0.68216
0.30643
0.036598
0.35574
-0.057039
0.04019
0.42825
0.29647
-0.31079
-0.03671
0.59378
0.7659
-0.2895
0.65817
0.30525
-0.3891
0.28943
-0.069481
-0.20732
0.30984
0.32687
0.14491
-0.00080352
0.18287
0.3256
-0.27345
0.19038
-0.41777
-0.64762
0.8316
0.59475
0.56587
0.5521
0.28018
0.37545
0.64242
0.36548
-0.56972
0.41389
0.55481
-0.031715
0.069422
0.24244
0.34509
0.81383
0.56948
0.12921
0.084786
1.1152
0.59165
-0.28502
0.68217
0.3837
-0.066567
-0.13557
-0.51415
0.27751
0.54758
-0.084998
0.26734
0.60285
0.23727
0.93901
0.099785
0.48521
-0.024226
-0.90131
0.57577
0.80053
0.54709
0.23252
0.17814
0.16043
0.32635
0.14835
0.0082988
0.42094
0.99643
-0.09844
0.3109
0.053983
0.37467
0.18825
0.25062
0.39544
-0.045543
0.95618
1.0599
-0.54964
0.1421
1.0185
-0.047009
-0.076787
0.18043
-0.029542
0.38555
-0.090932
0.5033
0.36997
0.38163
0.88327
0.017928
-0.032399
0.071392
-0.64013
0.58761
-0.16246
0.88999
0.5152
0.75411
0.9358
0.59669
0.7502
0.2481
0.64936
0.46097
0.029203
-0.080617
0.014787
0.49051
0.77048
0.3052
0.49131
0.26022
0.81658
1.1274
-0.362
0.62517
0.43887
0.21356
0.33339
0.10808
-0.1506
0.055617
0.29383
0.78528
0.75422
0.36647
0.45957
-0.29611
0.49335
0.36593
-0.8645
0.4941
0.24663
0.47298
0.5847
0.3302
0.14569
0.093505
0.35747
-0.31894
0.44537
0.84016
0.29583
0.54623
0.59631
0.26872
-0.20855
0.78073
-0.17044
0.16719
1.0892
1.0943
-0.76921
0.41039
0.27782
0.12944
0.65783
-0.089313
-0.45034
0.32855
0.20012
0.95192
0.42852
-0.048854
0.79357
-0.49974
0.28406
0.069336
-0.1269
0.54409
0.53188
0.59399
0.65846
0.62995
0.57588
-0.038864
0.43028
-0.21752
0.20553
0.50674
0.13801
0.25075
0.56795
0.86005
0.19028
0.2069
0.25006
0.18754
0.90435
0.31104
-0.58796
0.61754
0.36672
-0.0021571
-0.035026
-0.4194
-0.39414
0.18523
0.13834
0.7062
1.1301
0.45304
0.14893
0.17924
-0.017556
0.28062
-0.90993
0.62728
0.42273
0.8861
0.28143
0.1121
0.77444
0.7551
0.45444
-0.24652
0.51317
0.17825
-0.16634
0.57736
0.72628
-0.018727
0.42289
0.65806
-0.41304
0.68355
0.33284
0.2017
-0.17748
-0.18124
0.2145
-0.2465
0.30321
0.27586
-0.32528
0.22724
0.14013
0.23329
0.41016
-0.20534
1.0541
-0.088803
0.3213
-0.33278
-0.021409
0.79141
-0.055709
0.42361
0.55759
0.517
0.33776
-0.084021
0.5538
0.23514
0.034539
0.2268
-0.38547
0.20106
0.18329
0.78594
0.21437
0.56128
-0.012758
0.21558
0.32318
0.30555
-0.54663
0.23906
0.558
0.23525
0.60852
-0.23543
-0.30839
0.41119
-0.50826
0.84213
1.1228
0.081544
0.87875
-0.14767
0.017133
-0.27475
-0.3267
0.74802
-0.081878
0.43963
0.14062
0.6245
0.34705
-0.10766
0.21038
-0.51978
0.49166
0.10806
0.16238
0.34926
0.64541
0.44176
0.29808
0.23435
-0.37479
-0.058195
0.90348
0.3493
-0.80256
0.33903
0.26873
0.17793
0.28727
-0.58122
-0.16945
0.6822
0.098094
0.18415
0.49129
0.33019
0.72272
-0.26386
0.1127
0.15031
-0.40291
0.39595
0.11287
1.0941
0.2569
0.40744
0.21725
0.0014383
0.50289
-0.23762
0.48533
0.76197
-0.33862
0.28986
0.35501
0.93115
0.45684
0.13481
0.048266
0.44767
0.55339
0.40125
-0.66501
-0.15561
0.081242
-0.041849
0.50216
-0.50299
0.17274
0.35727
-0.0095997
0.22739
0.73859
-0.013617
0.32172
-0.27413
0.60861
-0.18457
-0.55203
0.68722
0.32286
0.65001
0.35609
0.75924
1.0112
0.62343
0.45479
0.279
0.53839
0.55601
-0.16821
0.73447
0.32564
0.31113
0.015846
0.75272
0.15765
0.11365
0.55256
0.94545
-0.22134
-0.071189
0.29191
0.30686
-0.14087
-0.16199
0.069228
0.63042
0.08144
0.88402
0.70658
-0.19995
1.0567
0.40892
0.45319
0.14321
-0.51515
0.12923
0.21191
0.77166
0.092043
0.5722
0.34843
0.18904
0.2374
-0.28972
0.078396
0.19437
-0.37178
0.60484
0.56617
0.39727
0.16593
0.24505
-0.10456
0.61891
0.99126
0.47661
-0.17009
-0.34851
0.92651
0.71124
-0.25931
-0.14162
-0.040219
0.17999
-0.16948
0.23002
1.1764
0.26853
0.55733
-0.028285
0.64923
-0.21669
-0.69099
0.85937
0.29352
0.56851
-0.255
0.51183
0.64578
0.22722
0.47518
0.35803
0.25791
0.085646
0.34552
0.5776
0.40987
0.9197
0.37477
0.33689
-0.56702
0.55135
0.23136
0.54939
-0.26031
0.29633
0.59855
0.46669
0.24168
-0.35911
-0.53288
0.71179
-0.36535
0.80884
0.49834
0.048896
0.80879
0.18528
0.83278
-0.017615
-0.059723
0.09744
0.68248
1.0154
-0.24073
0.72484
0.74313
0.10087
-0.057325
0.14063
0.11477
0.29463
0.36004
0.038854
0.31403
0.86595
0.1208
0.43778
0.11435
0.020945
0.31493
0.4994
-0.00026891
0.39302
0.5255
0.048808
0.23234
0.13653
-0.18937
0.71602
0.1046
0.87109
0.6077
-0.070665
1.017
-0.33003
0.072903
0.30225
-0.19918
0.78737
0.30915
0.4589
0.30392
0.87239
0.75088
0.1835
-0.11824
0.20465
0.23455
0.69853
0.17734
0.15458
0.24163
0.62806
0.50857
0.098869
-0.033543
-0.19755
0.48948
0.79521
-0.42677
-0.33175
1.0431
-0.16231
-0.054802
-0.52293
-0.2538
0.36039
0.28238
0.11627
0.55937
-0.29297
0.91412
-0.0010161
0.24565
0.098957
0.049808
0.27372
0.10443
0.32079
0.46023
0.25583
0.34456
0.030554
0.15498
-0.33256
0.64
0.48156
-0.31428
0.752
0.46298
0.21105
-0.23318
0.56405
-0.20434
0.209
0.2428
0.99934
-0.27871
0.36143
0.75246
0.6486
-0.17466
0.25794
-0.32043
0.92976
-0.087176
0.034735
0.50936
-0.31411
0.69143
-0.029208
0.063864
-0.38156
-0.14826
0.68372
-0.067051
0.45801
0.41936
0.17998
0.80168
0.099056
0.031021
0.28455
0.60452
0.27577
0.073182
0.1443
0.21126
0.50519
0.42527
0.61183
-0.11464
-0.01943
0.34489
0.8282
-0.051337
-0.29718
0.8976
-0.15487
-0.23973
0.29821
-0.39935
0.78752
0.33303
0.050694
0.65544
-0.078985
0.35322
0.15323
0.3631
-0.23791
-0.16723
0.67529
0.065138
0.18307
0.37301
0.70232
0.4288
0.41171
0.38976
0.028191
0.36761
0.48968
-0.23785
-0.053156
0.34104
0.39474
0.27162
0.46188
0.067116
-0.095802
0.59504
0.42107
-0.40353
0.118
0.32776
0.026857
-0.23804
0.061851
-0.27573
0.28159
-0.13065
0.21804
1.1923
-0.20432
0.84375
0.1325
0.7353
-0.39209
0.063918
0.32648
-0.06008
0.39492
-0.1998
0.87799
0.061735
0.44117
0.38851
-0.5062
0.85798
0.032279
-0.47021
0.58859
0.52774
0.22776
0.27334
0.34546
0.29761
0.6109
0.96943
0.46622
-0.44358
0.018069
0.96221
0.57884
0.50386
-0.28402
-0.045616
0.61555
0.19329
0.16089
1.1921
0.36165
0.4764
0.0026801
0.57163
-0.0083999
-0.68092
0.86976
0.22443
0.84044
-0.18674
0.37751
0.74232
0.27009
0.27314
-0.53677
0.97669
0.72547
0.11717
-0.18153
0.51937
1.1105
-0.14192
0.859
0.045166
0.024653
0.8114
0.68141
-0.03847
-0.60682
0.285
0.42342
0.49197
-0.37295
-0.13528
0.59614
0.33466
0.41317
0.54878
0.41336
0.39355
0.3362
0.18745
0.14949
-0.15884
0.48868
0.47235
0.37132
-0.15327
0.7224
0.24447
-0.26806
0.52478
-0.43057
0.29873
0.048693
0.40543
-0.052576
0.39052
0.16319
0.39979
0.81397
0.18963
0.041196
0.33361
0.68667
-0.077688
-0.23428
0.99613
-0.14381
-0.057993
-0.17103
0.11062
0.27487
-0.058901
0.37809
1.1999
-0.20397
0.79308
0.002002
0.91163
0.35308
0.18158
0.39471
0.064543
0.71994
-0.19372
0.60118
0.15702
0.15752
0.38582
0.10909
0.58784
0.53481
-0.42724
-0.097573
0.13039
0.78345
0.39254
0.56765
0.19543
0.378
0.46436
0.94772
-0.22714
0.28844
0.97845
-0.10928
-0.02788
-0.40121
-0.5505
0.82029
-0.012464
0.75576
0.47874
0.32184
0.59967
-0.0010171
0.81058
-0.29613
-0.36338
0.86716
0.5829
0.83317
0.041734
0.18419
0.19524
-0.09566
-0.029592
-0.19466
0.071753
0.90247
-0.42162
0.54168
0.68954
0.95602
-0.1121
0.14454
-0.17377
0.48698
0.98174
0.088599
0.00973
0.14249
0.32711
0.35055
-0.22239
0.50339
-0.33453
0.8919
0.2477
0.47897
0.8182
-0.1981
0.27918
-0.3083
0.19171
0.36837
-0.58388
0.70348
-0.098518
0.29503
0.20086
0.048873
0.16303
0.19572
0.38104
-0.47008
0.98016
0.42463
0.1412
-0.005969
-0.15583
0.5282
-0.0031695
0.51871
0.090678
0.11834
0.3771
-0.063521
-0.63316
0.29462
0.28627
0.44281
0.33679
-0.090748
0.09215
0.26893
-0.17966
0.84858
1.2733
0.02616
1.0373
0.12577
0.33635
-0.42782
-0.43369
0.59209
-0.23146
0.80721
0.30995
0.83705
0.66132
0.52017
0.51178
-0.0010686
0.10878
0.72304
0.23655
0.68807
-0.11173
0.89124
0.13451
0.4434
0.04639
-0.041925
0.13576
0.47651
-0.66283
-0.49859
0.91158
0.039813
0.46864
-0.38341
-0.1018
0.71405
-0.37208
0.8285
0.86163
-0.16282
0.79324
0.60184
0.29521
0.3258
-0.36331
0.42321
0.31056
0.41964
-0.11193
0.68769
0.71467
0.11723
0.20258
-0.37945
0.54017
0.77144
0.43991
0.044692
0.33588
0.56143
0.27184
0.70441
0.076247
0.25738
0.9317
0.085318
-0.61339
-0.056915
0.84051
0.16405
0.13798
-0.14399
-0.50599
0.63653
0.44277
0.483
0.96
0.31827
0.92079
0.24137
0.56796
-0.44043
-0.50388
0.3693
0.33113
0.88025
-0.068092
0.71895
0.55107
0.46563
0.17061
0.20197
0.83319
0.26661
-0.049906
-0.036478
0.20485
0.97885
-0.13801
0.84086
0.25943
-0.055807
0.96833
0.88342
0.031833
-0.36472
0.15356
0.11717
0.41885
0.45886
0.11347
0.31586
0.47156
0.80995
0.80459
0.11532
1.0483
-0.19786
0.62606
-0.12185
-0.28339
0.85217
0.24087
0.67047
-0.17195
0.60747
0.15052
-0.33557
0.15585
-0.4227
0.76146
0.045448
0.28402
0.15269
0.11048
0.52974
0.60532
0.57104
0.28317
0.74167
0.92043
0.8638
-0.22651
-0.33011
0.87149
-0.0082712
0.44238
0.47216
-0.33798
0.46513
-0.11896
0.27965
0.67837
0.077423
0.30396
0.4377
0.092377
-0.082132
0.078524
0.1487
-0.024183
0.79047
0.17501
0.88612
0.56372
-0.084636
0.33567
0.020485
0.58965
0.52686
0.23424
0.3681
0.46555
0.77753
0.62631
0.48547
-0.41348
0.32582
0.46102
0.065816
-0.46989
-0.058081
0.11917
0.61609
0.612
-0.23305
-0.08044
0.5908
0.51256
0.25763
1.0693
0.093231
0.60097
0.11283
0.87238
-0.40236
-0.25885
0.42154
0.72422
0.16372
-0.15171
0.12409
0.31489
0.32939
0.27852
-0.33754
0.0075965
0.85073
0.29673
0.32977
0.052149
0.74664
0.10518
0.61446
0.018421
0.13715
0.15431
0.65524
-0.18817
-0.21775
0.077911
0.15333
0.24062
-0.093625
0.1105
1.0741
0.67106
0.74711
0.64392
0.060519
0.71727
-0.15306
0.036963
-0.26991
-0.33585
0.65769
-0.25374
0.053484
0.49225
0.15348
0.28451
-0.1529
-0.19252
-0.27505
0.92812
0.48479
0.38863
0.60789
0.15767
0.083336
-0.029325
0.24036
0.32908
0.33845
0.393
0.48328
-0.45316
-0.64958
0.28979
0.040829
0.43316
0.14068
-0.040011
0.49032
0.41639
0.43847
1.3604
0.018744
0.61723
0.40632
0.64605
-0.18995
-0.34621
0.86406
0.55255
0.31101
0.049293
0.30412
0.50203
-0.28447
-0.063611
0.093281
0.11115
0.0011348
0.38514
0.059863
0.25272
0.52991
0.39653
0.66701
-0.2463
0.90256
0.57794
0.055691
-0.071283
0.12807
0.6785
-0.018205
0.32658
-0.14582
-0.2804
1.1016
0.54541
0.29905
1.1902
-0.14128
0.73153
0.18058
0.48376
0.38766
-0.38372
0.75887
0.49237
0.42561
-0.15212
0.23099
0.4625
-0.14892
0.22249
-0.011554
0.7403
0.9037
0.17479
0.53875
0.17084
0.96595
-0.26064
0.95541
-0.34663
0.1073
1.008
0.90823
-0.060318
-0.2034
0.22554
0.34665
0.24143
0.2983
0.20699
0.23955
0.33748
0.25123
1.2041
-0.31819
0.46316
-0.19464
-0.07679
-0.2012
0.033246
0.29009
-0.22655
0.11847
0.48003
0.43305
0.51088
0.43952
0.22209
-0.19773
0.15905
0.45495
0.429
0.51462
-0.17668
0.45332
0.1541
0.42529
0.2126
0.9371
0.73662
0.1356
-0.47049
-0.37121
0.30866
0.20509
0.80662
-0.022581
-0.22955
0.47316
0.64751
0.22501
0.88401
0.41971
0.87136
-0.18606
0.12413
-0.13126
0.58911
0.32791
0.57588
0.06351
0.015872
0.14981
0.16714
-0.069416
0.21383
0.17532
0.52522
0.6748
0.44231
0.55423
0.54646
0.81941
-0.13342
0.77679
-0.21967
0.40724
0.21919
0.93266
-0.72385
0.0053559
0.69471
-0.027516
0.24176
0.23966
-0.39107
0.29201
0.51565
0.78358
1.2712
0.47612
0.5333
0.27197
-0.057413
-0.19849
-0.25348
0.27467
0.5622
0.70097
0.45168
0.89147
0.043697
-0.28739
-0.29276
-0.11845
0.84347
0.50664
0.19541
0.68166
-0.080306
0.94436
0.17978
0.33912
0.5744
0.53936
1.0054
0.90456
-0.46933
0.0069887
0.54796
0.40934
-0.096015
0.62133
-0.15872
1.0598
-0.1676
0.62414
0.91353
0.09163
1.0532
0.31576
0.65735
-0.31131
-0.17263
0.21251
-0.024495
0.32351
0.13468
0.40858
0.21156
0.3677
-0.10649
0.04527
0.66851
0.14741
0.61469
0.45987
0.45723
0.46679
0.4142
0.76795
0.69521
0.61457
0.11216
0.033278
-0.49492
-0.33415
0.45221
0.28817
0.62158
0.45695
0.18882
0.80365
-0.069988
0.1488
0.59982
0.049542
0.88805
0.16467
0.60108
-0.44138
-0.16664
0.34162
0.072154
0.33352
-0.16799
0.76045
0.43317
-0.31048
0.40304
0.036741
0.98137
0.58595
0.15417
0.27962
-0.12063
0.37673
0.038352
0.036424
0.35481
0.62914
0.064979
0.66446
-0.37885
-0.1934
0.26195
0.24254
0.34261
-0.24443
-0.01933
0.72558
-0.16948
0.16691
0.90177
0.19502
0.78798
0.0031292
0.1466
0.25109
0.11047
0.87592
-0.15809
0.61813
0.11404
0.74161
0.504
0.45694
-0.15025
0.3442
0.74539
0.80872
-0.036077
0.26255
0.35216
0.31001
0.19563
-0.038324
-0.16046
0.57831
1.0286
0.11386
0.11426
0.10669
0.84653
0.49919
0.20261
0.6621
-0.34156
0.74754
0.33114
0.67355
0.73031
0.11416
0.33213
0.24089
0.43885
-0.25014
0.3809
0.41982
0.58465
0.15435
0.13134
0.30535
0.2059
0.11988
0.31212
-0.21097
0.20497
0.74546
0.015491
-0.036966
0.17688
0.61027
0.11214
0.25365
-0.10406
0.31813
0.065787
0.52246
-0.060404
-0.67006
0.28596
-0.19237
0.64002
0.10649
0.25
0.37179
-0.11437
0.21148
0.55576
0.05671
0.85778
0.15466
0.20235
-0.068303
0.75168
1.0112
0.016933
0.74801
0.0030651
0.44496
0.86199
-0.13931
0.35645
-0.17507
0.28468
0.25497
0.51611
0.32783
0.4779
0.16258
0.11245
0.77889
0.10919
0.24856
0.32829
0.66841
0.078389
-0.28607
0.93778
-0.27674
0.56428
0.4631
-0.0081406
0.86537
-0.12731
1.0618
1.1384
-0.48056
0.94182
0.069893
-0.1095
0.33908
0.44253
0.40438
0.21821
0.69475
-0.13096
0.31812
0.026624
0.083294
0.28725
-0.15512
0.52304
0.22297
0.61746
0.17987
0.51381
0.26507
0.59721
0.80634
0.14244
1.0418
0.90377
0.17968
-0.68225
-0.25417
0.37513
0.34907
-0.043869
0.78362
-0.45553
0.80991
0.58933
1.0138
1.0313
-0.27187
0.99174
0.11342
-0.086086
0.096014
0.38811
0.40239
0.74615
0.45002
0.36449
0.12296
0.17613
0.089094
0.086067
0.44208
0.47968
0.72608
0.7383
0.30046
-0.075002
-0.0068501
0.34437
0.066037
0.4447
0.51654
0.52381
0.4971
-0.28651
0.059746
0.59489
-0.25839
-0.060319
0.30493
0.19696
0.45392
-0.078075
0.93613
1.0894
-0.34648
0.96679
0.28839
0.29891
-0.075853
0.06924
0.92319
0.65684
0.30346
0.29975
0.70977
0.10853
0.36596
-0.23398
0.14989
0.84439
0.88948
0.69388
0.11135
0.59272
0.62947
-0.14454
0.33058
0.034379
0.79926
0.58825
0.22542
0.0081783
0.012635
0.56663
0.49032
-0.059508
0.26045
-0.20263
0.84707
0.63975
0.73899
1.2663
0.28625
0.78887
0.19727
0.47745
-0.28604
0.86027
0.93489
0.63612
0.074059
-0.1018
0.76492
0.72575
-0.22414
0.19805
0.48979
1.0684
0.21382
0.32887
-0.12984
-0.020609
0.19893
0.56017
0.21786
0.63418
0.81749
0.77075
0.6023
-0.54572
-0.21911
0.45374
-0.32664
0.59294
0.2942
0.13851
0.46663
-0.054175
0.49042
1.1379
-0.20064
0.43188
0.0063805
0.62792
0.24224
0.17756
0.89671
0.27828
0.61006
0.027116
0.18352
0.3313
0.19643
0.14801
-0.090775
0.89189
0.65578
0.45824
0.12876
-0.0077185
0.39168
0.091235
0.461
0.79442
1.1572
0.49063
0.827
-0.21894
0.25218
0.39882
0.32528
0.54435
0.11804
-0.29293
0.66388
0.47941
0.49096
1.3071
-0.076376
0.39951
0.38252
0.281
0.29545
0.39572
0.56235
0.07978
0.13969
0.26489
0.91224
0.73586
-0.18731
-0.12052
-0.088089
0.58256
0.98663
0.27541
0.27135
0.32239
0.81233
0.36673
0.54593
0.096092
0.36187
0.28167
0.54895
0.024669
0.056517
0.50582
0.31949
0.28013
0.61064
-0.24313
0.74171
0.33202
1.0217
0.69858
-0.33842
0.38376
0.37395
0.49997
-0.090673
0.27835
1.0529
0.23963
0.83582
-0.067865
0.35118
0.31977
-0.013277
0.20396
-0.27124
1.2854
0.035582
0.010529
0.29734
0.02096
0.73823
0.80849
-0.29103
0.29343
0.86934
0.68535
0.31325
-0.60722
