0.029182
0.55022
0.16704
-0.17364
-0.13563
-0.30803
0.39396
0.67971
0.16688
1.1144
0.046483
-0.092737
0.65532
0.0085674
0.40906
0.16545
0.0057911
1.1204
0.21455
0.77035
-0.057562
0.65879
0.21442
0.33083
0.57552
-0.38271
0.12925
0.13678
1.1971
-0.20747
0.14025
0.1805
0.66034
0.71262
0.86299
0.20242
0.17227
0.59687
-0.29286
0.99829
0.56132
0.055437
0.2796
0.046066
-0.0034068
0.20129
-0.23728
0.61096
-0.23035
-0.30667
0.41061
0.14754
0.22472
0.38321
0.35578
0.8653
-0.69868
1.0026
0.31685
0.46061
0.31298
-0.4445
0.40383
0.28184
-0.25321
0.42213
0.95065
0.34038
0.79149
0.40211
0.99208
0.81776
0.15434
0.20679
0.37304
0.083919
-0.42351
1.0002
0.22198
0.074955
0.60262
0.43977
0.73822
0.74769
-0.39701
0.78411
0.5591
-0.54403
0.90429
-0.14538
-0.38613
0.39317
0.14023
0.62414
-0.51934
0.39507
0.27491
0.64913
0.13305
-0.1409
0.57709
0.47956
0.51925
0.073312
0.36247
-0.16578
0.48793
0.73038
0.26764
0.5154
0.63836
-0.13913
0.71505
-0.0095641
-0.050137
0.33969
0.33318
0.21714
0.49732
0.44276
0.70379
0.96167
0.28618
0.75865
0.23464
-0.62006
0.42399
-0.34855
-0.096575
0.47946
0.23102
0.12586
-0.61948
0.6442
0.47956
0.11348
0.058265
-0.053823
0.51788
0.13902
-0.085119
-0.23016
0.31013
0.51443
0.79667
0.2663
-0.0032346
0.64867
0.29944
0.035358
0.5981
0.73568
-0.024513
0.96361
0.58502
0.10564
0.10323
-0.25416
0.27127
0.4129
0.048667
0.21707
0.14321
0.21247
0.35377
-0.068688
0.051707
0.56619
0.36802
0.446
-0.71777
0.96781
0.48291
0.060376
-0.014466
0.059225
0.19379
0.0076709
-0.35944
0.46214
0.561
-0.072391
0.82999
0.85278
0.47447
0.39578
0.23612
-0.28355
-0.034317
0.25047
-0.013785
0.33532
0.49106
-0.1357
-0.19867
0.43896
-0.012129
0.86139
0.41614
0.2825
0.49721
-0.38418
0.4035
-0.20948
-0.064671
-0.069576
-0.041663
0.84543
-0.33983
0.57032
0.34631
0.47043
-0.023061
-0.07554
0.56826
-0.009694
0.020097
0.6904
0.84542
0.49777
0.72779
0.15989
0.39223
0.59469
0.49539
-0.23633
0.60065
0.57962
-0.24664
0.92256
0.053927
-0.14032
-0.18922
0.23281
0.277
1.0734
0.11089
0.37104
0.11214
0.15248
0.56126
0.31495
-0.30675
0.6381
-0.45764
0.33048
-0.4621
0.94637
0.025425
0.54801
-0.017364
0.15951
0.067786
0.40384
-0.015295
0.28429
0.48661
-0.3583
0.5233
0.2443
0.59329
0.29924
0.86133
-0.10625
0.60476
0.20117
-0.11914
0.52006
0.61011
0.071348
-0.39287
0.34038
0.60484
0.28896
0.37098
0.65664
0.58928
-0.64902
0.73087
0.19806
-0.48447
-0.19239
0.356
0.32754
-0.2396
0.19825
0.50405
-0.024522
0.065622
-0.019834
0.66815
0.0090315
0.22656
0.049844
1.0187
-0.15853
0.51332
0.58106
0.20725
0.77218
0.89535
0.21937
0.29312
0.07513
-0.10239
0.75281
0.75766
0.42046
0.51311
-0.19654
0.70294
0.77176
0.21223
0.52617
0.36952
-0.35739
0.98634
0.11869
-0.089237
0.42083
0.13813
0.19636
0.073162
0.24601
-0.11247
-0.033295
0.3146
-0.12957
0.56181
0.072536
-0.058301
0.077373
0.56986
-0.1961
0.77788
-0.023239
-0.063703
0.46568
0.34648
-0.23507
0.50585
0.49693
0.0184
0.68523
0.47185
-0.10026
0.15746
-0.39824
0.54038
0.3384
0.083192
0.41492
0.59997
-0.52034
0.58231
0.42557
0.333
-0.18926
0.31462
0.93327
0.087232
0.64723
0.013809
0.0093159
0.14958
0.055635
-0.09672
0.4604
-0.0077131
0.36916
0.072087
0.12717
0.47736
0.14274
-0.18722
0.81963
-0.15039
-0.49679
0.64959
0.14636
0.20336
0.46538
0.97232
0.41148
0.2033
-0.15256
0.61177
1.1159
-0.22548
0.76354
0.47684
-0.37177
1.015
-0.012349
-0.019757
-0.20351
0.49289
0.491
0.12354
0.63785
-0.018683
-0.070607
0.73728
-0.2313
-0.028674
0.17038
0.48814
0.083711
0.30374
0.29458
0.71472
0.81974
0.36651
0.76536
0.4967
0.094976
0.53132
0.57335
-0.34074
0.77766
0.91944
0.13977
0.05949
-0.3384
0.17469
1.2386
0.040068
0.69899
0.040449
0.029127
0.65312
0.53026
-0.25336
0.68279
0.40473
0.33149
-0.6762
0.626
0.22494
0.24711
0.25685
0.32203
0.13524
0.44739
0.4553
0.59917
0.75534
0.3416
0.31594
-0.060258
0.27158
0.72554
0.73656
0.003078
0.27849
0.20049
0.12324
0.74303
0.58378
-0.0056449
0.11368
0.26106
0.43325
0.68754
0.44577
-0.10527
0.25598
-0.36658
0.64512
0.57464
0.33414
0.69245
-0.27087
0.082807
-0.62426
0.5963
0.23402
0.079318
0.37738
0.11791
0.28734
0.18785
-0.064826
0.035192
0.95037
0.48537
0.84295
0.49837
-0.0095761
0.52373
0.44572
0.11965
0.43951
0.48686
-0.49123
0.35113
0.24609
0.25939
0.12806
0.12784
0.17809
1.0953
0.38926
0.63273
0.57797
-0.51518
1.0611
-0.15329
-0.37394
0.25436
0.031448
0.12024
-0.76771
0.011274
-0.0093242
0.66031
0.38767
0.053551
0.46737
0.026949
-0.1252
-0.26413
0.65451
-0.10386
0.77905
0.13816
-0.097275
0.9551
-0.044591
0.18638
0.24415
0.31062
-0.48321
0.024064
0.28949
0.086109
0.086658
0.34031
-0.035751
0.82124
0.10496
0.49821
0.27607
-0.69687
1.1198
0.23574
-0.22022
-0.25073
0.081377
0.84451
0.16531
0.45308
0.050935
0.65184
0.1526
-0.3694
0.33946
0.49038
0.48326
0.61766
0.35583
-0.080254
0.30218
-0.064209
0.241
0.83905
0.33593
-0.43439
0.35318
0.5953
-0.37907
0.50963
0.64252
-0.13029
-0.20993
0.17295
0.072344
0.49947
-0.039548
0.0090597
0.45933
-0.64742
0.69067
0.39074
-0.054381
0.59913
0.26726
0.89136
-0.28557
0.80344
0.1283
0.36726
0.54362
0.25578
0.16416
0.31249
-0.12238
0.44402
0.11431
0.4052
1.2375
0.73999
0.3533
0.7864
0.16474
-0.48412
0.70276
0.62769
-0.48098
0.26404
0.24899
0.059138
-0.22019
0.41137
0.67642
1.0478
0.051904
0.63465
-0.062307
-0.58384
1.1125
0.11993
-0.16678
0.17761
0.47041
0.73399
-0.64419
0.88156
-0.22528
0.76486
0.73335
0.31308
0.40668
-0.17337
0.4226
0.56649
0.59407
0.76694
0.92091
0.0062658
-0.19758
0.27719
-0.25604
-0.55753
0.28497
0.21003
-0.23085
0.50468
0.33524
-0.50516
0.20092
0.42373
0.41597
1.2408
-0.02247
0.019081
0.52616
-0.46029
0.5115
-0.090104
-0.2252
0.45797
0.47969
0.75526
0.060915
0.25148
0.43213
0.83857
0.11958
0.25008
-0.05289
0.37338
0.10482
0.57185
0.47561
0.17635
0.8277
0.51054
-0.11903
0.99747
-0.12292
0.092593
0.64997
0.77949
-0.21571
0.53629
0.26657
-0.094402
0.57774
-0.21396
0.34894
0.7353
0.054998
0.26665
0.64253
-0.72587
0.74641
-0.033885
-0.22475
0.50278
-0.13489
0.1644
0.0022768
-0.0035465
-0.51241
0.39376
-0.097985
-0.28648
0.31381
0.048199
-0.067312
0.37245
0.3135
0.57422
0.55875
0.15895
0.10705
0.15762
0.26563
-0.43989
0.40578
0.79435
0.047742
0.66082
0.49723
-0.53549
0.14751
0.4187
0.16126
1.1877
0.22526
-0.1129
-0.014201
-0.76256
0.97499
-0.1531
0.29032
-0.23739
-0.070051
0.33081
-0.51838
0.68385
0.31425
0.96259
0.34187
0.46631
-0.087364
-0.24715
0.24367
0.2158
0.55744
0.38107
0.84611
-0.11797
0.21599
0.84847
0.26642
0.40427
0.26772
0.79044
0.0081496
0.8385
0.62925
-0.010533
0.084046
-0.11567
0.092647
1.1944
0.41977
-0.080461
0.48624
-0.024985
0.80135
-0.13351
-0.33056
-0.10228
0.19818
0.62733
-0.19424
0.22733
0.26733
0.44973
0.29463
0.059166
0.09039
0.52077
0.1342
0.41121
0.11975
0.59842
1.1588
-0.00080372
0.14642
0.086363
0.17473
-0.23847
0.073721
-0.079
-0.38621
0.049741
0.30037
0.029163
-0.24433
-0.1115
0.17576
0.85549
0.30742
0.081946
0.0035642
-0.07458
0.40033
0.18702
0.083312
0.50127
0.5103
0.73453
0.11219
0.6422
0.62908
0.48282
0.20226
0.15457
-0.025931
0.29228
-0.017537
0.53515
0.37778
0.31782
1.2215
0.53617
0.35458
0.55677
-0.17646
0.22793
0.51576
0.55209
-0.62973
0.26251
0.41833
-0.23212
0.56091
0.45859
0.52335
0.76027
0.71303
-0.0054354
0.14744
-0.60898
0.79489
-0.23193
-0.39609
0.16965
-0.2247
0.85034
0.33018
0.34274
-0.26704
0.37737
0.38713
0.4948
-0.098516
-0.036172
0.44478
0.078994
0.62296
0.20292
0.89865
0.66797
0.0086337
0.79528
0.33656
0.2849
0.58094
0.71132
0.13
-0.097562
0.38294
-0.044538
0.087271
0.20212
0.063585
0.61694
0.18206
0.19024
0.24605
-0.30245
0.64193
-0.040879
0.40922
0.16579
-0.13762
0.61454
0.20296
-0.059313
-0.17048
0.29623
0.41877
0.033418
0.67513
-0.17099
0.67025
0.54374
0.56724
0.29605
0.88517
0.15321
-0.1438
0.07455
-0.006705
0.045497
0.087906
0.38269
-0.57811
-0.15057
0.94758
-0.54695
-0.24705
0.12929
-0.070972
1.2195
0.33553
0.090354
0.062318
-0.74808
0.17678
0.47107
-0.50275
0.078468
0.43608
0.87649
0.25543
0.90393
0.25939
0.31199
0.32998
0.41401
-0.14904
-0.36491
0.61623
0.81763
0.36012
0.39225
1.0392
-0.12918
0.24561
0.3334
0.12684
0.2602
0.33395
0.27706
-0.64859
0.12727
0.84937
0.095252
0.61342
-0.01917
-0.018494
0.79298
0.21916
0.048108
0.78559
-0.55672
0.45658
-0.0019793
-0.37345
-0.17668
0.21914
1.0232
-0.26706
-0.067234
0.052418
0.066072
-0.19379
0.22647
0.45648
0.27118
0.71356
0.82659
0.33536
0.29275
0.77804
0.3918
0.41334
0.60076
0.34462
-0.31848
-0.20384
0.68746
0.15182
0.013607
0.82421
-0.6904
0.29501
0.53012
0.52687
1.0343
0.44031
-0.13577
0.57808
-0.67409
0.32092
0.33786
-0.037351
0.54265
-0.33863
1.1879
-0.18601
0.83674
0.091276
0.36149
0.44898
-0.27034
-0.1215
0.27418
0.39802
0.5427
0.56914
-0.011963
0.79532
-0.037689
0.47472
0.45401
0.68711
-0.47141
-0.2119
0.60484
-0.43532
0.097307
0.52711
0.023388
0.20382
-0.31792
-0.089667
0.8357
0.53878
0.34557
0.92993
-0.064563
0.65978
0.41548
0.34874
-0.080162
0.055605
0.36993
0.14661
0.62501
0.34491
0.33951
0.037763
-0.0051131
0.55696
0.089584
0.83918
0.94942
0.5416
-0.014474
1.1045
-0.0029322
-0.20323
0.2247
0.56894
0.16576
-0.21958
0.93525
-0.077137
0.45736
0.70294
-0.19043
-0.23323
0.43318
0.36566
0.75768
0.46159
-0.035898
0.22782
-0.47228
0.59778
0.45132
-0.37981
0.52655
-0.14349
1.2915
-0.22927
0.57198
-0.24165
0.37271
0.13372
0.37554
-0.13958
0.08203
0.032039
0.45612
0.80892
0.38568
1.0702
0.23795
0.66164
0.86931
0.37581
-0.27092
-0.049774
0.5123
0.12527
-0.16074
0.92313
-0.63467
0.40736
0.42046
-0.045168
1.4768
0.321
0.46963
0.79731
-0.7202
0.97482
0.38535
0.36319
-0.012864
0.03421
1.0237
0.5107
0.728
0.0093003
0.28979
0.11884
0.14888
0.65727
0.053063
0.70858
0.15592
0.34564
0.16184
1.076
0.59851
0.39107
0.58857
0.6499
-0.069882
-0.2395
0.55105
0.0080379
0.50293
0.75062
-0.65912
0.44595
-0.14329
-0.096798
0.97651
0.008356
0.15304
0.13167
-1.0765
0.2704
0.429
-0.62172
0.41086
-0.014254
0.75498
0.05238
0.5958
-0.39901
0.10095
0.12479
0.43999
-0.078339
0.46047
0.39862
0.86132
0.70539
-0.050973
0.35042
0.61453
0.03733
0.80012
0.37189
-0.079427
0.37156
0.54265
-0.37999
-0.09284
0.78827
-0.41756
-0.22839
0.34327
0.040875
0.87253
0.69836
0.32769
0.096228
-0.88962
0.4284
0.039359
-0.50249
0.41626
0.20975
0.75017
0.57986
0.3439
-0.19072
0.27876
0.061082
-0.037259
0.037212
0.012357
0.82283
0.53961
0.42422
0.17631
0.98318
-0.14795
-0.15845
0.87953
0.2493
0.046316
-0.20987
0.73217
-0.11797
-0.004955
0.13193
-0.14074
0.53545
-0.31166
-0.19931
1.3655
0.6652
-0.032689
0.70543
-1.0264
0.31975
-0.13562
-0.10308
-0.26346
0.3379
1.049
0.63342
0.32158
0.2793
-0.23511
0.05098
0.48692
0.23723
-0.24788
1.0762
0.36374
0.55042
0.42314
0.76887
-0.095305
0.65055
0.50593
0.36962
-0.088815
-0.49413
0.25179
0.65266
