0.14139
1.0729
0.024219
0.098229
0.74432
0.10977
0.50859
0.080994
0.45045
0.59805
0.19062
0.026855
0.19054
0.10453
0.90506
-0.33701
-0.18699
1.283
0.46448
0.48634
0.69778
0.81999
0.52325
0.030949
0.87205
0.19357
1.0895
0.63374
0.56282
-0.20823
0.52419
0.51169
0.47397
0.52464
0.50758
1.0288
0.73045
0.93373
1.0036
1.2074
0.29616
-0.081843
0.75262
-0.4237
-0.16826
0.53983
0.2766
1.1946
0.82083
0.022738
0.54337
0.56859
0.55511
-0.058512
0.15654
1.2957
0.75295
1.2607
0.31644
-0.065574
0.10485
0.20901
0.20787
-0.0057172
0.81381
0.99662
0.68374
0.13672
0.61242
0.30571
-0.12186
0.50747
0.74503
0.16487
1.0016
0.44269
0.26761
0.81346
0.19653
0.53125
0.0024561
-0.46231
0.50995
-0.25521
0.9358
0.85736
0.40225
0.054009
0.69009
0.3493
0.5888
0.33469
-0.65182
1.301
0.17245
0.42646
0.61807
0.80608
0.71162
0.46777
0.37955
-0.17797
0.69115
0.78616
0.49985
-0.064054
0.63884
0.13343
0.19473
1.0698
0.2346
0.61365
0.35763
1.023
0.13379
0.51403
0.29385
0.11779
0.14343
-0.12911
0.4455
0.42807
0.62671
0.59792
0.47906
-0.58147
1.0243
-0.18496
0.61907
0.16949
-0.27277
0.96658
0.45248
0.44264
0.097971
0.66935
-0.010145
0.48129
0.70625
-0.089949
0.80034
0.66109
0.84859
0.16298
0.11608
0.42634
0.63401
0.93911
0.29068
0.9548
0.56763
0.17649
0.76601
1.0129
0.64548
0.21192
0.0078446
-0.40625
0.18917
0.28529
0.65647
0.65134
0.2799
-0.31818
0.87421
-0.028309
0.6373
-0.031447
-0.68738
1.1171
0.40549
0.93641
0.54154
0.59244
0.17119
0.47519
0.70636
-0.43754
0.93714
0.14874
1.0021
0.70045
0.39522
0.37987
0.025366
0.62015
0.69696
0.66546
0.78718
0.90915
1.0648
1.1983
0.28424
0.24006
-0.013731
-0.26623
0.52691
0.36714
0.23462
0.66698
0.51068
-0.12372
0.32132
0.22711
0.78547
-0.34285
-0.34293
0.50649
0.59226
1.0047
0.59508
0.57659
0.86022
0.4025
0.81915
-0.66204
0.12845
0.28006
0.65634
0.4794
0.85905
0.19579
0.59244
1.2156
0.44989
0.075193
0.92534
0.15528
0.83938
0.52194
0.47478
0.64266
0.060502
0.27235
0.4697
0.44293
0.60558
1.1628
0.53972
-0.16905
0.38188
0.58498
0.71588
0.28657
-0.58639
0.53599
-0.13776
0.37899
0.20856
0.23482
0.54472
0.53672
0.26991
0.11651
0.34411
0.68944
0.9192
-0.10652
0.49738
0.8259
-0.043093
1.0971
0.49227
0.99694
0.9258
0.74986
0.90913
0.53597
0.55825
0.23771
0.65195
-0.053499
0.030293
-0.23111
0.42913
0.7457
0.66766
-0.097333
0.59121
0.45517
0.5433
0.22346
-0.2202
0.52495
0.57881
0.56361
0.15271
0.2354
0.30998
0.30457
0.2219
-0.20316
0.10533
0.21673
0.1638
0.23277
0.93692
0.47075
0.65218
0.60266
0.13462
0.12458
0.64036
0.53265
0.62675
1.0003
-0.13095
0.7672
-0.0044315
0.27134
-0.12314
0.52729
0.5353
0.51055
0.80555
0.29517
0.55047
0.67492
0.71621
0.46185
0.17405
0.63307
-0.21468
0.24602
0.51379
0.23139
0.11208
-0.098457
0.29947
-0.3291
0.67141
0.091493
0.11911
0.28294
0.96913
0.87738
0.047193
1.2201
0.85366
0.34673
0.28733
0.41832
0.75136
0.30555
0.64207
0.051462
0.035141
0.31387
0.47133
-0.14707
0.64289
0.47075
0.27015
-0.34911
0.98853
0.0073912
0.66976
0.30788
0.17984
0.43335
0.00804
0.54967
0.21813
0.16564
0.77085
-0.13106
0.60038
-0.39588
0.1628
0.68582
0.98578
0.47866
0.11244
0.29042
0.011552
0.39489
0.66469
0.52618
0.20071
0.5428
0.25317
0.36238
0.47067
0.076488
0.38566
-0.43908
-0.24019
0.042477
0.10411
1.0751
0.86044
-0.22493
0.83528
0.2051
0.32043
-0.31933
-0.018342
0.86512
0.206
0.90516
-0.074512
0.62601
-0.044132
0.35272
0.30427
-0.27092
0.75624
0.7836
0.79818
0.32266
0.4557
0.30514
-0.1545
1.1863
0.32313
0.41987
0.53165
0.50919
0.44322
0.99565
0.30143
0.0070642
0.54977
0.28367
-0.1343
0.53786
0.28176
0.72636
1.0792
-0.15298
0.8166
0.21531
-0.054354
0.4015
0.22039
0.89302
-0.0085114
1.0416
0.023948
0.61036
0.36254
0.60277
-0.050657
-0.172
0.44603
0.13294
0.92022
0.71002
0.23247
0.48755
0.32936
0.61779
0.82001
0.19289
0.74187
0.051244
0.35194
0.99094
0.035825
0.10807
0.66406
-0.35142
0.28845
0.47725
0.59042
0.88569
0.51464
0.19683
0.96327
0.49246
-0.059642
-0.16549
-0.33932
1.3717
0.54458
0.80652
0.66007
0.31304
0.72347
0.51625
0.56415
-0.58603
1.0158
0.86253
0.31313
-0.20228
0.45426
0.68762
0.19025
0.56577
0.69512
0.75822
0.73576
0.76236
0.35018
0.684
0.87872
0.74333
0.04948
0.33222
0.27094
-0.16213
0.31824
0.52547
0.62068
-0.27086
0.43071
0.76767
0.58112
0.40418
0.28236
1.3202
-0.18271
1.0038
0.69635
-0.037768
0.13793
0.66508
0.36679
-0.17452
0.079329
0.58742
0.35911
0.11312
-0.003312
0.88164
0.62643
0.67515
0.32278
0.87322
0.11433
0.89541
0.51622
0.52252
0.39612
0.51273
0.08862
-0.10137
0.25861
-0.090449
0.81679
0.42773
1.0508
-0.30411
0.65752
0.71061
0.32117
-0.4442
-0.3542
0.61269
-0.034635
0.76311
0.38365
0.1561
0.88658
-0.24416
0.546
-0.52787
0.38206
0.40666
0.06294
0.04067
0.88088
0.78994
0.15127
0.76404
0.4445
0.33158
0.20638
0.047415
0.59998
0.56121
-0.013488
0.14063
0.49001
-0.16688
0.4177
0.58335
0.7545
0.78537
0.21652
0.42195
1.1074
-0.034763
0.38543
-0.43685
0.24196
0.92426
0.057079
0.18386
-0.11251
0.92291
0.0020802
0.36798
0.25495
-0.07315
0.8419
0.87668
0.6892
0.34757
0.36799
0.99082
0.3984
0.36171
-0.051465
0.84839
0.60397
0.58564
0.59042
0.45606
0.59868
0.71032
0.27566
-0.35318
-0.19958
0.43114
0.38439
1.0248
0.69426
-0.34468
0.99281
0.72114
0.27486
0.093584
0.0022989
1.0022
-0.12539
0.32625
0.52833
0.33272
0.47432
-0.099399
0.6558
-0.01609
0.21811
0.16798
0.94343
0.42767
0.70469
0.7298
0.62765
0.53457
0.2018
0.54319
0.96957
0.16965
0.53468
0.78303
0.40556
0.30207
0.18215
-0.47978
-0.1262
0.24923
0.51148
0.25401
1.1323
-0.088705
0.65233
0.57591
-0.052702
0.22651
-0.3264
0.40677
0.35171
0.44994
0.65853
-0.0016097
0.80998
-0.22787
0.69515
0.057513
0.58589
0.59005
0.20593
0.48796
0.52442
1.0009
-0.21064
1.1407
0.91602
0.35909
0.2064
0.39583
0.43505
0.36142
0.8465
0.24756
0.5431
-0.23881
0.57109
0.47402
0.79506
1.1263
0.36729
0.13152
0.32799
0.82564
0.43596
-0.31515
0.0122
0.67476
0.36796
0.58294
0.62659
0.44738
0.10721
0.18509
0.66871
-0.21178
0.13452
0.7459
0.22779
0.16049
0.37498
0.25746
0.62009
1.2224
-0.038355
0.4966
0.20534
0.76
0.8127
0.77543
0.24159
0.21773
0.64297
0.03015
-0.24317
0.38219
0.52632
0.97009
0.41572
-0.3171
0.25083
0.43599
0.42315
0.32647
-0.52004
0.76566
0.53833
0.57422
0.24427
0.409
0.31982
0.23137
0.3882
-0.45249
0.64209
0.71016
0.76267
0.05185
0.77444
0.44363
0.36923
1.1653
0.6574
0.071809
0.51552
0.67892
0.48366
0.26143
0.59271
0.2449
-0.1255
0.028988
0.078616
0.72088
0.2226
0.47092
0.40195
0.083973
0.59589
-0.00095951
-0.09428
0.060788
-0.15066
0.80911
0.62095
0.076638
0.41543
0.0082357
0.25191
0.15058
0.0058392
-0.13025
0.58471
0.79768
0.93153
0.18844
0.85827
0.32886
0.3175
0.73476
0.42704
0.36828
0.15305
0.71685
0.098386
1.0179
0.74712
0.10566
-0.032296
-0.086213
0.44294
0.44314
0.088873
0.48415
0.47687
0.1705
0.993
0.21498
0.64414
0.39901
0.011212
1.0414
0.63135
0.1779
0.26858
0.78623
0.59479
0.48161
-0.10342
0.36536
0.6775
1.0291
0.29197
0.38383
0.45414
0.97393
-0.28435
0.70614
0.16373
0.6806
0.73495
-0.023684
0.39433
1.1254
0.36854
0.077706
0.098875
-0.3658
0.42202
0.21152
0.7383
0.65105
0.61869
0.029969
0.68829
-0.065839
0.14469
0.35372
-0.078959
0.48731
-0.075969
0.58836
0.74551
-0.022241
0.13375
-0.17774
0.30798
-0.21503
0.72477
0.20032
0.61359
0.3583
0.78592
0.75603
0.36651
0.98304
0.57216
0.22882
0.14595
0.37569
0.37117
0.24734
-0.028758
0.47663
0.17838
-0.45287
0.38287
0.38403
0.54227
0.79457
0.93098
0.34639
0.3758
0.61239
-0.21591
0.12645
0.33601
0.47233
0.66646
0.99977
0.26542
0.1908
0.044995
0.52024
0.41167
-0.0024064
0.30321
0.92012
0.0099865
-0.015163
0.87406
0.34371
-0.24323
1.0167
0.66354
0.44747
0.35535
0.0204
0.1182
0.68499
0.8677
0.075649
-0.044159
-0.13481
-0.062062
0.5544
-0.17527
0.44728
0.87709
-0.36582
1.2466
0.59672
0.024974
-0.013077
-0.081111
0.53322
0.51593
0.69611
0.59009
0.68491
0.10554
0.35421
0.56342
-0.19627
0.13899
0.62746
0.20161
0.17507
0.2824
0.42279
-0.3807
0.56075
0.60597
0.48495
0.87391
-0.043008
0.96075
0.33051
0.54333
0.23432
0.26186
0.14151
0.19189
0.24173
-0.17301
0.50989
0.48756
-0.16338
0.49151
0.51998
0.056316
-0.35919
-0.42833
0.96706
0.029364
0.12856
0.47666
0.79821
0.07851
0.011268
0.029523
-0.44029
0.19866
0.25667
0.54969
0.67665
0.67693
1.0192
0.44539
0.27329
0.27338
0.031996
0.66598
0.1142
0.4793
0.25197
0.79207
0.46182
0.14171
0.31652
-0.24304
-0.15479
0.42544
1.1553
0.34204
-0.2003
0.54519
-0.032706
0.072386
-0.23618
0.31802
1.1084
0.3348
0.6106
0.063702
0.18945
0.28821
-0.11087
-0.018009
0.38056
0.7212
0.92416
0.72784
-0.13082
0.12252
0.18249
-0.078731
0.46512
0.46741
0.0068066
0.14933
0.47364
0.58853
0.73734
0.9124
0.49754
0.4616
-0.59321
-0.0954
0.1639
0.54106
0.71105
0.92644
-0.07914
1.0734
0.043048
0.62628
0.11191
-0.28175
0.59572
-0.1993
0.74359
0.75922
0.52813
0.89607
0.29965
0.79408
0.14677
0.74646
0.91937
0.88027
0.098032
0.56236
0.43271
-0.32993
0.40955
0.26174
0.52048
0.16766
0.42107
0.67688
0.74137
0.84002
-0.046856
-0.11052
0.020449
-0.14705
0.30072
0.39088
0.49225
0.57652
0.39336
0.40237
0.72968
0.53032
-0.41548
-0.3636
1.0704
-0.12274
0.66522
0.2893
0.74123
0.75404
0.222
0.69439
-0.24944
0.75669
0.18076
0.49566
0.17254
0.60888
0.70742
-0.022649
0.4215
0.15692
0.27815
0.09801
0.21177
0.37901
0.48676
0.90284
0.85869
0.77676
-0.358
-0.24715
0.1569
0.68766
0.18362
0.36743
-0.29529
0.42619
-0.12794
0.59355
0.43293
-0.081743
0.47568
0.68486
0.77475
0.51054
0.36107
0.98129
0.57044
-0.031193
-0.021818
0.35687
0.97258
0.31229
0.58876
-0.039435
0.68453
0.30746
0.49432
0.20948
0.76253
0.88209
0.67273
0.67079
1.1841
0.64479
0.083257
0.0090361
-0.41166
-0.22385
0.45018
0.48336
0.49213
0.40457
0.32938
0.41637
0.79694
-0.093311
0.39315
0.17199
0.54909
-0.15785
0.79928
-0.077453
0.52791
0.52182
-0.11815
0.49062
0.015089
0.43955
0.49674
0.68543
0.15502
0.67004
0.32254
0.097657
0.4757
0.092818
0.63387
0.88312
0.46297
0.24811
0.77523
0.44997
0.7529
0.54394
0.0050383
0.54355
0.63944
0.40375
0.35469
1.1563
0.070799
1.0002
0.61571
0.088868
-0.26872
-0.163
1.3057
-0.066773
0.48112
-0.15659
0.74537
0.44635
-0.21716
0.81773
0.25438
0.39072
0.1786
0.22027
0.33051
0.38294
1.0574
-0.24551
0.7931
0.62089
0.68219
0.78973
0.55097
0.52242
0.32468
0.4225
0.38092
0.56981
-0.061613
-0.11627
0.31889
-0.15085
0.9799
0.42781
-0.06987
1.042
-0.13609
0.14102
-0.43105
0.028774
0.89692
-0.021628
0.9624
0.54642
0.6357
0.97234
0.55546
0.7513
0.30545
0.031634
0.27805
0.25262
0.69601
0.66613
0.43077
-0.2671
1.0518
0.68723
0.21698
0.77968
0.28652
0.85926
0.968
0.2463
0.10327
0.25224
0.21309
-0.097997
0.6313
0.085067
0.67992
0.4953
0.022859
0.73642
0.11074
0.029937
-0.041656
0.33908
0.78351
0.64011
0.54821
-0.12575
0.17065
0.57027
0.61915
0.44041
0.42121
0.511
0.55712
-0.085632
0.093784
0.59361
1.0438
0.32039
1.0318
0.62558
0.013437
0.75579
-0.12754
0.33887
0.85896
0.56549
0.69078
-0.038936
-0.49928
0.1536
0.035164
-0.10712
0.36926
0.78599
-0.51389
0.40389
0.72443
0.24819
0.48487
0.2372
1.0486
-0.02732
1.0494
0.20461
0.085235
0.057511
0.072779
0.42792
-0.36822
0.2467
0.36258
0.59391
0.14542
0.054888
0.70925
0.51255
0.58693
0.38984
0.74437
0.2807
-0.13163
0.7505
0.47207
0.91505
-0.092524
0.35475
-0.43753
-0.043142
0.40437
0.13971
0.96614
0.75842
-0.41804
1.2146
-0.17077
0.28529
0.1369
0.39635
1.0916
0.047622
0.95589
0.28994
0.12485
0.47937
-0.2018
0.12057
0.033372
0.019755
0.39924
0.67255
0.74968
0.85716
0.4875
0.25716
1.2259
0.50778
0.1302
0.82301
0.83065
0.36218
0.44359
0.56278
0.63818
0.51616
-0.54886
-0.015225
-0.0082539
-0.057132
0.87998
0.69751
-0.070593
0.62944
0.59898
-0.085034
-0.46759
0.1137
0.98857
0.15593
1.1068
0.30935
0.38334
0.5635
-0.23809
0.66784
-0.11143
0.12218
0.47199
0.14402
0.12795
0.40577
1.0197
0.42981
0.37151
0.0071695
0.2027
0.8632
0.099832
0.38608
0.49515
0.42937
0.03625
0.66635
-0.37427
0.49734
0.7251
-0.19845
0.96656
0.52171
-0.49395
0.7655
-0.087887
-0.18418
0.27339
0.37086
1.1344
-0.041718
0.98523
0.53107
0.069093
0.68182
-0.23829
-0.069944
0.14836
0.68787
0.2781
0.89631
0.40621
0.84185
0.41443
0.44844
0.76361
-0.064979
0.020242
0.76111
-0.04218
0.98789
0.6839
0.75451
0.26629
-0.034566
0.2303
-0.031678
-0.069798
-0.14804
0.84962
0.66509
0.096887
1.1936
0.11921
0.29378
0.25289
-0.096479
1.1113
0.12317
1.0121
0.077584
0.7295
0.14639
0.028743
0.35101
-0.040702
0.65549
0.84647
0.82302
0.70194
0.67456
0.91921
0.30172
0.91086
0.56242
0.24272
0.51446
0.77551
0.69915
0.95589
0.59881
0.88019
-0.07445
-0.07205
0.0007765
0.065124
-0.035092
0.32122
0.53386
-0.21908
0.99313
0.11151
0.22412
0.25735
-0.24835
1.0308
-0.30958
0.59699
0.60076
0.58759
0.62196
0.43326
0.49675
0.34829
0.32647
0.87691
0.88241
-0.15243
0.45172
0.8759
0.52305
0.34022
0.80724
0.51742
0.11578
0.15678
0.28041
0.2335
0.22623
0.22096
0.88598
0.36377
0.23118
0.45934
0.52147
1.1295
1.1895
-0.58943
1.2552
-0.028383
-0.15508
0.39401
0.38456
0.61456
0.38822
0.55522
0.49261
0.0296
0.8592
0.46808
0.093516
0.45447
0.27003
0.12209
0.60983
0.045083
0.10233
0.53481
0.30546
0.72475
0.20107
0.61204
0.31185
0.79683
0.14449
1.0971
0.95182
-0.057019
-0.069113
-0.083027
0.45792
0.56075
0.3344
0.45602
0.81703
0.30281
1.2621
0.033292
0.016917
0.15766
-0.21591
0.99494
0.1956
0.26911
0.185
0.59244
0.080424
0.14975
-0.16266
0.033361
0.21449
0.7897
0.3528
0.72615
0.026378
1.0964
-0.032798
0.4528
-0.074835
0.29571
0.40839
0.27515
0.025562
0.4894
0.30209
0.80272
0.61444
-0.38146
0.02219
0.84037
0.72872
0.90071
1.0696
-0.54169
0.52253
0.24005
0.42471
-0.33614
-0.14471
1.2852
0.59071
0.94336
-0.12292
0.44556
0.21415
-0.072384
0.22832
-0.18861
0.14455
0.41203
0.13731
0.78728
0.30823
0.51534
0.59008
0.61084
0.80861
0.29481
-0.017882
0.61009
0.40617
0.3068
0.88067
0.4111
-0.091561
0.33554
0.070797
0.72607
0.66105
0.14535
1.112
0.26491
0.49215
0.70707
0.16144
0.40393
-0.0071499
0.62138
0.40509
0.79491
0.0062954
0.39408
0.10772
0.65055
0.32588
0.51377
0.194
0.66233
0.37918
0.094375
0.77252
0.44905
-0.27386
0.65907
0.13267
0.42936
0.50049
0.76718
0.89481
1.1229
0.52573
0.51802
0.88559
-0.012586
0.29871
0.0014297
0.096293
0.84495
0.80257
-0.46696
0.93872
0.38027
0.4346
0.16032
-0.25664
0.52108
0.58351
0.77108
0.0069502
0.27519
0.1346
0.34108
0.74596
-0.29069
0.64795
0.75649
0.8124
0.34634
0.32165
0.9104
0.076977
0.84079
0.24276
0.1861
0.71275
-0.14493
0.5937
0.37293
0.68221
0.21705
0.75329
-0.16734
0.40443
0.12917
0.18301
0.39298
0.80416
-0.24376
0.51496
-0.087892
0.46296
-0.24528
0.28
0.55306
0.29696
0.45025
0.44801
0.3407
0.50487
0.36815
0.15838
-0.14165
0.72492
0.75572
0.44815
0.04838
0.32218
0.7627
0.44442
0.36212
0.68186
0.78883
0.814
0.76697
0.36658
1.0542
0.50478
-0.033881
0.85435
0.020926
-0.037626
0.24073
0.1113
0.89186
0.24324
0.10826
0.9843
0.42291
0.60221
-0.43161
0.13911
0.72765
0.3721
0.34505
0.51851
0.023907
0.44857
0.52122
0.61864
-0.11967
0.64114
0.35841
0.35749
0.43436
0.91903
0.23843
0.0046403
0.47084
0.30791
0.27579
0.77236
0.39801
0.6569
0.69575
0.61753
0.15019
0.57878
-0.17878
0.36604
0.81604
0.49691
0.70244
0.40669
0.21248
0.86054
0.011215
-0.021284
0.39791
0.21813
1.1883
-0.25397
0.5533
0.13367
0.22078
1.0379
-0.10734
0.068518
-0.10346
0.36051
0.50379
0.46538
-0.059883
0.41056
0.53834
0.1854
1.0291
0.46017
0.07416
0.18249
-0.11413
0.45826
0.28768
0.58774
0.29582
0.31026
-0.19752
0.036011
0.1352
0.66446
0.74191
0.9843
0.18392
1.172
0.13528
-0.17563
-0.50116
0.31748
1.2973
-0.06674
0.98688
0.43844
0.81253
0.89648
-0.058856
-0.089277
0.15868
0.15332
0.012427
0.29556
0.76996
0.12282
0.59144
0.1534
0.47079
0.50553
-0.070767
0.80406
0.19638
0.13854
0.44014
0.71217
0.37383
0.79712
-0.21881
0.20233
0.14479
0.73453
0.85084
0.80833
-0.20111
1.169
0.35941
0.14355
-0.47052
0.19681
1.3927
0.19864
0.43816
0.5501
0.98341
0.37176
0.4042
0.54922
0.28729
0.67452
0.94844
0.35966
0.53838
0.78719
0.22214
-0.17369
0.28256
0.72689
0.46875
0.074229
0.28265
0.01731
0.363
0.17914
0.38929
0.70578
-0.39699
0.004993
0.69358
0.22122
1.0839
0.59299
0.12796
1.0278
-0.12337
-0.12643
0.44099
-0.40209
0.75264
-0.21604
1.0148
0.53226
0.19457
0.93159
0.10284
0.24109
0.24305
0.11403
0.51271
0.8909
0.43832
0.57825
0.81981
0.060534
0.79416
0.082775
0.45726
0.57355
0.67148
0.76162
0.373
0.73374
0.81304
0.17649
0.31878
0.40657
0.22043
0.51819
0.66116
0.54498
-0.32006
0.76025
-0.16608
0.04174
-0.50077
0.1156
1.3064
-0.013737
0.50625
0.64841
0.74089
0.31619
0.026506
0.58481
0.41633
0.67241
0.23735
0.14107
0.37052
0.56256
0.18503
0.55295
1.0641
0.23432
0.54196
0.54718
0.21011
0.17472
1.1566
0.73757
0.4607
0.3323
-0.32214
0.40817
0.25557
-0.11243
0.96564
0.84169
-0.02546
0.66695
0.41179
0.19049
0.20252
0.093344
1.3199
-0.12695
0.26251
0.49755
0.81094
0.41953
-0.009045
0.71316
0.042883
0.92869
0.63673
0.059946
0.29031
0.26735
0.93823
0.13523
0.4009
0.28728
0.86427
0.42838
0.01866
0.52854
1.1123
0.88362
0.024017
0.78225
0.40188
0.61175
0.66062
0.033709
0.35944
0.32922
-0.36118
0.53497
0.46036
0.20543
0.22103
0.46577
1.2358
0.18142
0.74947
0.0050619
0.15729
0.75362
0.27813
0.34855
0.42909
0.29311
0.46847
0.050303
0.16399
0.58136
1.0038
0.3694
1.1239
0.30542
0.18855
0.43456
0.1468
0.28746
0.76898
0.4569
0.85657
0.25008
0.21009
-0.14411
0.1456
0.055136
0.78625
0.38918
-0.11877
0.5802
-0.12035
0.52474
0.40168
-0.30207
0.58587
0.40063
0.87316
0.54519
0.55483
0.32419
0.28173
0.0066591
-0.03765
0.91423
0.38084
0.77885
0.80951
0.47791
0.80507
0.16063
1.0661
0.46633
0.050897
0.81944
-0.0097534
0.61144
1.0919
0.50634
0.042694
-0.005871
0.24274
-0.30902
0.44148
0.14451
0.48566
0.61592
-0.2275
1.2038
0.44257
0.67746
0.27918
-0.18784
0.62387
0.2562
0.37655
0.66092
0.58444
0.80532
0.29592
0.024239
-0.32487
0.84558
0.12442
0.014288
0.42798
0.37504
0.58057
0.52951
0.47869
0.62056
0.57929
0.90222
0.42396
0.11302
0.40257
0.67879
0.30075
0.296
-0.49258
0.47244
0.063824
0.45384
0.83583
0.94497
0.17078
1.11
0.35539
-0.11632
0.50272
-0.090069
0.50208
0.34426
1.2738
0.32617
0.58315
0.17544
0.34101
0.39394
-0.12968
0.67993
0.9662
0.46439
0.044898
0.52923
0.80135
0.086885
0.40076
0.81916
-0.052947
0.72736
0.45094
0.84678
0.54193
0.57976
0.7129
0.3356
-0.35307
0.29131
0.41963
0.6072
1.0756
0.55596
-0.63853
0.42627
0.17398
0.77765
-0.45389
-0.13749
0.5964
0.4714
0.91946
0.66669
0.75179
0.50033
-0.22775
0.36061
-0.015414
0.60875
0.93738
0.9159
0.84233
0.40432
0.83656
-0.21745
0.49793
0.078141
0.82666
0.070238
0.56382
0.10808
0.95646
0.39684
0.71361
0.76092
-0.18989
-0.072309
-0.016706
0.69695
0.78702
0.33042
0.0038973
0.50082
-0.21148
0.54215
-0.30076
-0.50394
0.44935
0.0098604
0.87759
-0.17216
-0.017841
0.59024
0.04812
-0.0058586
0.18378
0.58275
0.82086
0.35636
-0.097569
0.88228
0.15228
-0.23117
0.76026
0.65254
0.31091
0.74546
0.21457
0.24189
0.74636
1.0115
0.087157
0.066185
-0.045975
0.68603
0.61577
-0.057133
0.87024
0.9231
-0.33111
0.48773
0.70264
0.57275
0.018284
-0.12748
0.69609
0.20745
0.40024
0.46134
0.18023
0.90106
0.31032
-0.14349
0.39397
0.17405
0.20417
0.33282
0.054449
0.55611
0.22606
0.48234
0.99615
0.16029
0.6605
0.82665
0.15292
0.44779
0.14168
0.81344
0.87388
0.92869
0.15924
0.11822
-0.16531
0.14913
0.77134
0.60669
-0.40341
1.2951
-0.032052
-0.16405
-0.23578
0.2937
1.23
-0.25907
0.4227
-0.16138
0.79699
0.60182
0.022676
0.56544
0.2008
0.30882
0.59058
0.43454
0.05272
0.48425
0.95171
0.38338
1.1304
0.397
0.24856
0.17229
-0.03123
0.38379
0.21986
0.66038
0.74649
-0.0044448
-0.11572
0.21458
0.47396
-0.10608
0.84055
0.59335
-0.60723
0.40174
-0.25471
0.3694
0.26213
-0.43138
0.49753
0.25609
1.2004
0.17976
0.74214
0.52726
-0.063022
0.1783
-0.021431
0.76018
0.56095
0.42758
0.11142
0.54709
0.12356
-0.29392
1.0122
-0.078253
0.55694
0.88122
0.79046
0.19684
0.93246
0.64059
0.838
0.75712
-0.22228
0.67042
0.55427
0.069698
0.67633
0.94477
-0.19412
0.38056
0.70396
0.27338
-0.41796
-0.4756
1.0655
-0.076093
1.0354
0.32769
0.66944
0.67072
-0.024162
0.33329
0.28763
0.72149
0.95997
0.62324
0.098672
0.36486
0.32783
0.4048
0.78543
0.024861
0.59531
0.65896
0.80225
0.38794
0.57469
0.73891
0.83588
0.28709
-0.46622
0.45229
-0.092061
0.31831
0.88743
0.74067
0.15474
0.65118
0.15717
0.26179
-0.23412
0.24096
0.92983
0.24931
0.80637
0.60663
0.74983
0.51719
0.52972
0.2852
0.44094
0.11953
0.36974
0.56264
0.065082
0.59411
0.73641
0.40357
1.0376
0.54239
0.72275
0.29064
0.16457
-0.030954
0.82546
0.52844
0.017231
0.67254
0.496
0.1243
-0.007054
-0.21246
0.37013
0.63654
-0.60733
0.3863
-0.18607
0.45006
-0.46437
0.31732
0.63208
-0.14425
0.38367
0.6766
0.10204
0.37123
-0.25621
0.38337
-0.14344
0.51861
0.98495
0.14383
0.79302
0.37933
1.0036
-0.015237
1.1377
-0.032782
0.62766
0.86127
0.20094
0.5247
1.0747
0.5972
0.6948
0.65537
-0.44448
-0.19129
0.80496
0.038286
0.16911
0.20268
-0.1479
0.52874
0.5743
0.37181
-0.16397
-0.032636
0.84975
0.17252
1.2551
-0.16628
-0.023512
0.28283
0.27912
0.1848
0.17253
0.43633
0.12868
0.34723
0.68363
0.63295
0.62062
-0.065991
0.82973
0.32566
0.093978
0.032773
0.83362
0.73409
0.95827
0.84914
0.48498
0.17026
-0.21923
-0.28226
0.15716
0.52624
0.38273
0.18758
-0.61429
0.99117
0.046292
-0.091975
-0.10887
0.081095
0.77851
0.26506
0.93476
0.67419
0.63342
0.11302
0.3478
0.027044
0.33644
0.68181
0.066353
0.69754
0.27202
0.14386
0.71012
0.24853
0.99052
0.26496
0.65947
0.040975
0.03451
0.75162
0.41003
1.0846
0.4559
0.23245
-0.13015
0.19304
0.098782
0.57852
0.37084
0.37122
0.10081
0.96378
0.4719
-0.023224
-0.10348
0.08562
0.59227
-0.19728
1.092
0.57546
0.78401
0.11006
0.30548
0.35264
0.31543
0.80436
0.04527
0.86022
0.30972
0.39326
0.55046
0.039433
0.61464
0.13923
0.040597
0.7282
-0.044283
0.85985
0.14719
0.5003
0.18593
0.63008
0.0043561
-0.27283
-0.12995
0.18003
0.57664
1.1325
-0.35143
0.92829
0.43938
-0.18029
0.22903
-0.075889
0.52939
0.099052
0.65137
0.69289
0.14349
0.77568
0.56658
0.69742
-0.31993
0.39645
0.034854
0.43184
0.65679
0.74301
0.10878
0.61647
0.37068
0.70748
0.438
0.74054
0.72051
0.79976
0.66932
0.41767
0.74452
0.33923
-0.38094
0.052448
0.27448
0.48005
1.0032
0.28651
0.23467
0.3494
-0.0092936
-0.18998
-0.087632
0.1341
1.2305
0.16758
0.83958
0.23682
0.82838
0.86763
0.25065
0.3085
-0.19396
0.23704
0.6673
0.17094
-0.021739
0.0053767
0.83187
-0.25164
0.57025
0.68884
0.8049
0.092908
0.51008
0.23013
0.22739
0.94191
0.43528
0.80209
-0.17333
0.58208
-0.033388
0.36335
0.75897
0.23342
0.17686
1.2125
0.53763
0.28151
0.11313
-0.1613
0.59034
-0.054769
0.92036
0.186
0.75571
0.66266
0.27306
0.18642
-0.074356
0.36228
0.99824
0.10968
0.27547
-0.022664
0.8539
0.51919
0.4231
0.4109
0.57894
0.42379
0.041591
0.57815
0.83258
0.80382
0.53927
0.3225
0.15447
0.51117
0.74291
0.55231
0.58437
0.95762
-0.35991
0.31942
0.77112
0.24574
-0.3227
-0.15062
0.84683
0.21562
1.0787
0.00080119
0.24907
0.084441
0.19585
0.59605
0.353
0.21756
0.25376
0.34236
0.35244
0.11058
0.3677
0.018299
0.91382
0.74856
0.69358
0.22169
0.009088
0.84759
0.054923
0.63651
-0.016361
0.53406
0.36619
0.16182
0.038482
0.14299
0.39048
1.151
0.26687
0.8816
0.10689
0.32641
0.3074
-0.43226
1.172
0.11455
0.42512
-0.17999
0.77995
0.41364
0.57503
0.21037
-0.0053153
0.16698
0.80874
0.1697
-0.036692
0.44836
0.95777
0.058391
0.65855
0.73801
0.52894
0.49151
0.43691
0.24493
0.66904
0.25426
0.39124
0.91807
-0.18704
0.067365
0.44835
0.45359
0.75411
1.0925
-0.29791
0.66677
0.13949
0.00039564
-0.058589
0.44977
0.63823
0.27476
0.43354
-0.012507
0.67631
0.19082
0.066999
0.12767
0.3186
0.11138
0.66565
0.2811
0.55678
-0.048538
0.96071
0.044601
0.96994
0.25169
-0.036445
0.59908
0.029086
0.47272
0.64771
0.91719
0.37569
0.47744
-0.19236
0.05542
0.72432
-0.024947
0.26515
0.7241
0.061382
0.6108
0.49825
0.10097
0.3755
0.16476
0.80005
-0.24702
0.87647
0.62752
0.82192
0.38765
0.62471
0.37356
0.35638
0.086859
0.47334
0.65746
0.63104
0.84607
0.83762
0.64032
0.7687
0.1436
-0.021428
0.97166
0.082457
0.44133
0.789
0.68139
0.29933
0.7129
-0.24726
0.27127
0.7383
0.34846
1.1166
1.1007
0.32616
0.8127
-0.16801
0.065322
0.42229
-0.32228
1.3071
0.33454
0.3834
0.70608
0.062566
0.50101
-0.2754
0.39567
-0.15376
0.27871
0.97521
0.86381
0.50665
0.16862
0.050573
-0.28444
0.7799
0.55048
0.43603
0.59093
0.79069
0.67569
0.13226
0.64781
-0.10616
0.87183
0.35306
0.71534
0.51365
0.45867
0.53009
0.93974
-0.3387
0.36788
0.68893
0.73842
0.20581
-0.43352
1.2698
0.5971
0.35624
0.65891
0.73364
0.20261
0.10021
-0.074413
0.36025
0.26227
0.55884
0.4829
0.47129
0.41768
0.12216
0.14071
0.59754
0.45139
0.55653
0.11465
0.20133
0.25104
0.24691
0.29045
0.53738
0.28692
0.034436
-0.067738
0.82764
0.12184
0.76949
1.1257
-0.083194
0.26638
0.17257
-0.16786
0.33959
-0.077381
0.57085
0.3908
0.92977
0.010938
0.32914
0.69955
0.16532
0.71241
-0.23875
0.8457
0.12958
0.077901
0.42108
0.73347
0.5707
0.59478
0.42876
0.35163
0.69197
0.17383
0.98568
0.16774
0.16276
0.89799
-0.018198
0.79781
0.22123
-0.086264
0.87463
0.42963
0.4255
0.42835
-0.11192
0.79839
0.044198
0.33638
-0.010252
-0.34896
0.59863
-0.095235
0.55919
0.51115
0.14902
0.52844
0.30855
0.169
0.40139
0.80318
0.66717
0.42789
0.025544
0.10563
0.050418
0.42067
0.26018
0.24452
0.022917
0.8087
0.20727
0.10985
0.73468
0.86776
0.041464
0.39686
0.036417
0.31242
0.86037
0.64797
0.86712
0.24997
-0.30193
0.39953
-0.03424
0.024057
0.55179
-0.032602
0.64095
0.43391
1.2376
0.23552
0.77799
0.878
0.19468
0.18992
0.049732
0.3637
0.40623
0.87994
0.069659
0.086675
0.85774
-0.36026
0.89596
0.50897
0.352
0.43361
0.30212
0.35587
0.30216
0.46115
0.64045
0.49203
0.059248
0.48365
0.11524
0.16989
0.74311
0.54526
-0.0079268
0.22799
0.38818
0.28185
0.50332
0.47304
0.85449
-0.0093183
0.26365
0.082118
0.31774
0.030696
-0.14814
0.4869
0.35845
0.92666
0.41115
0.11707
0.059584
0.54696
0.52672
-0.09886
0.44924
0.63575
0.78863
0.73282
0.13269
0.090319
0.20883
0.42161
0.69939
0.72768
-0.051197
0.27737
-0.038826
0.18009
0.41533
0.52624
-0.44577
0.94275
0.19525
0.39642
0.23633
0.069308
1.0074
0.47766
1.19
0.69558
-0.17166
-0.024525
0.62775
0.22742
0.030805
0.67062
0.48574
0.62762
0.19948
0.75036
0.55782
-0.26844
0.80423
0.12109
0.22491
0.11222
0.40023
0.50486
0.93018
0.42111
0.11865
0.60523
0.13541
0.10841
0.13581
0.28314
0.43826
0.60663
-0.57293
1.1434
0.0025511
0.26267
0.36354
-0.12053
1.0553
-0.21754
0.28766
-0.19309
0.66559
0.73641
-0.011599
0.58434
0.31546
0.16088
0.73808
0.92996
-0.066341
0.0066685
0.57352
0.24443
0.16422
0.97773
0.07182
0.014918
0.6366
0.7161
0.43043
1.0507
0.62634
0.17089
-0.45025
0.283
0.89456
0.40262
0.19501
1.1521
-0.03843
1.0204
0.20514
-0.14881
-0.35085
0.4458
0.51186
0.21674
0.41443
-0.17603
-0.10173
0.17121
0.25685
0.14549
-0.28462
0.30847
0.39226
1.0553
0.19719
-0.052633
0.26782
0.44317
0.5689
0.52594
0.17483
0.93241
0.17489
0.15478
-0.01427
0.61762
0.19275
0.98631
-0.30359
0.04105
0.07388
-0.10686
1.0994
0.9653
0.26454
1.068
0.11305
0.42361
-0.10291
0.35124
1.2634
0.5098
0.84838
-0.12856
0.74171
0.33257
-0.21337
-0.057257
0.067642
0.24342
0.19739
0.50304
0.82708
0.26056
0.8805
0.04993
0.36379
0.2575
0.1223
0.56712
0.20674
0.0055524
0.28389
0.41641
0.41398
0.47384
0.36262
0.27583
0.60335
-0.17081
0.19738
0.2897
-0.45597
0.68237
0.29785
0.51662
0.19109
-0.18437
1.3209
0.63795
0.8803
0.11269
0.76829
0.51379
0.49801
0.043152
0.4206
0.26819
0.20838
0.40755
0.18136
-0.0049585
0.16309
-0.09938
0.8681
0.90759
0.3158
0.39407
0.17515
0.72371
0.19283
0.18534
0.77227
0.97232
0.22807
0.028822
0.1545
0.011114
0.79131
1.0997
-0.15109
0.49101
-0.10031
-0.16058
0.4755
-0.24352
1.1333
0.37054
0.44151
0.10284
0.62547
0.67001
0.42737
0.3706
-0.22732
0.70627
0.64427
0.49169
0.00072589
0.43372
0.12166
0.4724
0.7949
0.9325
0.49132
0.27882
0.25071
0.19372
0.34813
1.1774
-0.034471
0.82955
-0.29247
0.75244
0.48745
0.73742
0.26641
0.75621
-0.5671
0.50569
0.37288
-0.094114
0.21597
0.12758
1.2172
-0.13311
0.5754
-0.13995
0.32611
0.36322
0.4843
0.3835
0.33791
0.8612
0.12105
0.24892
0.13325
0.45917
0.087732
0.16927
0.74752
0.36401
0.23259
0.88997
0.39779
0.57249
0.31133
0.99288
-0.09485
0.33792
-0.065858
-0.015963
0.98964
0.15933
1.1536
0.78862
-0.14753
0.46794
0.065174
0.32931
-0.23027
0.036888
1.0687
0.42853
0.67527
-0.013038
-0.089842
0.40737
0.20234
0.65444
0.13425
0.61451
0.6271
0.602
0.11984
0.74815
0.43732
0.20891
0.6771
0.14385
0.21727
0.32737
0.080427
0.62894
0.78326
1.1655
-0.081806
0.69592
-0.4321
0.17894
0.44539
-0.22373
0.80586
0.65053
-0.267
0.22737
0.57807
0.094631
0.59237
0.46192
0.86705
0.30184
1.1957
0.64601
0.3845
0.80321
0.41299
0.81801
-0.050794
0.29152
0.97681
1.1251
0.70949
-0.027452
0.16615
0.39635
0.39844
0.90511
0.10037
0.94872
0.25846
-0.0079228
0.59095
1.1007
0.6498
0.92244
-0.15627
0.44569
0.69705
-0.092449
1.0537
0.55498
0.19149
0.40474
0.87161
0.61255
0.43884
0.065399
0.49792
0.34231
1.2107
0.1481
0.00852
0.76641
-0.1818
-0.16389
0.40236
1.0838
0.81147
0.87625
0.41362
0.52374
0.070694
0.26219
0.89401
0.81562
0.068627
0.90641
0.39144
0.25514
0.95774
0.29576
0.57676
0.37443
-0.47383
0.88508
0.71876
0.57697
1.1576
0.77801
-0.57906
0.71972
0.063356
0.37534
-0.0024213
0.3072
1.2754
0.48484
0.59104
0.40172
-0.092795
0.67965
0.38063
-0.13734
0.042994
1.0398
0.34068
1.0796
0.025974
0.15121
0.79889
0.36144
0.7626
0.88706
0.096233
0.14798
0.23292
0.43844
0.88247
0.80115
0.15071
0.68288
-0.48372
0.2187
0.63882
-0.079435
0.4114
1.0378
0.2744
0.41105
0.1739
0.11558
-0.19933
-0.12822
1.211
0.4109
0.75398
0.33287
0.11847
0.18832
0.50532
-0.12038
-0.11577
1.0592
0.22241
0.92105
-0.055236
0.86748
0.62048
-0.30999
0.45524
0.62594
0.59653
0.25126
0.77288
0.29095
0.78694
0.96246
0.77048
0.093418
-0.23278
-0.045634
0.5496
0.71475
0.22844
0.64673
-0.18308
1.0553
0.58379
-0.18572
0.38898
-0.10744
1.0285
0.33624
1.0593
0.56717
0.010204
0.61584
0.50934
0.75833
-0.067705
0.21437
0.29006
0.53012
0.8032
0.36179
0.34885
0.069938
0.13123
0.54871
0.7347
0.12636
0.33666
0.8826
0.41649
0.88374
0.60175
0.60525
-0.36822
-0.023062
0.25481
0.29562
0.51758
0.34969
-0.099981
0.84053
0.6725
0.38749
0.029658
0.19864
0.44145
0.17408
0.37548
0.17241
0.67556
0.43465
-0.32092
0.086645
-0.39144
0.47513
0.22965
0.53552
0.082766
0.22032
0.72705
0.3907
1.0343
0.9641
0.17026
0.18263
0.97661
0.60838
0.12455
0.70806
-0.012117
0.86436
0.34297
0.61312
0.089287
0.70399
0.85548
0.23882
-0.321
1.0027
0.063147
-0.20139
-0.24814
0.095393
1.1239
-0.16537
0.71398
-0.17195
0.48781
0.44242
0.23767
0.60888
0.083526
0.22822
0.76417
0.99899
0.25832
-0.069024
0.0026989
-0.13024
0.9776
0.50097
0.11149
0.2723
0.19919
0.32691
0.71047
0.94855
-0.024247
0.23518
0.43836
0.65058
0.49268
-0.10985
0.66912
0.75055
0.14455
0.43011
0.69272
0.0013636
0.52536
0.71833
0.93782
0.072963
0.412
-0.22942
0.031714
0.53594
0.39327
0.29673
-0.15786
0.7487
0.92245
0.38544
0.67793
0.47416
0.49922
0.17402
0.35186
0.52107
0.86548
0.83002
0.95657
0.52377
0.24438
0.89148
0.2061
0.16562
-0.12605
0.743
0.31954
0.41113
0.38856
0.5834
-0.52259
0.55134
0.59564
0.15951
0.060815
-0.20647
0.61031
-0.17565
0.87658
0.12327
0.51457
0.4277
-0.22455
0.25059
0.58478
0.50689
0.91879
0.24187
0.081946
0.6441
0.29017
0.048402
0.57071
0.89204
0.19793
0.58567
0.75211
0.18232
0.55973
1.1025
0.85707
0.77049
-0.37342
0.58103
0.39214
0.34561
0.96038
1.0152
-0.56404
0.8703
0.29403
0.19276
0.0021373
0.045674
0.94769
0.71767
0.68318
0.66562
-0.073653
0.46287
0.53252
0.13587
-0.32277
0.72103
0.26843
0.49442
0.14611
0.58143
0.032222
0.085348
0.255
0.51781
-0.0091421
0.90267
0.49553
0.73889
0.18871
0.98306
0.84167
0.073219
-0.15998
0.499
0.069277
0.69253
0.66451
1.135
-0.39701
0.64201
0.14797
-0.20381
-0.28899
0.19969
1.0023
-0.026763
0.81694
0.58813
0.54084
0.41599
0.31689
0.61484
-0.031783
0.67511
0.83693
0.35659
0.83597
0.69877
0.90381
0.25465
0.67715
0.49501
0.83968
0.22062
0.14271
-0.12932
