4.4197e-05
8.2414e-05
5.7038e-05
0.0001077
0.0001173
0.00015522
0.00017874
0.00021204
0.0002389
0.00026709
0.00028982
0.00030893
0.00032111
0.00032624
0.00032252
0.0003095
0.0002864
0.0002532
0.00021008
0.00015782
9.7594e-05
3.1081e-05
-3.9599e-05
-0.00011196
-0.00018321
-0.00025035
-0.00031029
-0.00036003
-0.00039674
-0.00041798
-0.00042176
-0.00040676
-0.00037236
-0.00031883
-0.00024726
-0.00015969
-5.9011e-05
5.1061e-05
0.00016615
0.00028129
0.00039121
0.00049051
0.0005739
0.00063646
0.00067395
0.00068298
0.00066127
0.0006078
0.00052303
0.00040886
0.0002687
0.0001074
-6.8875e-05
-0.00025289
-0.00043658
-0.00061139
-0.00076862
-0.00089991
-0.00099754
-0.001055
-0.0010671
-0.0010306
-0.00094431
-0.00080935
-0.00062911
-0.00040935
-0.00015803
0.00011497
0.00039815
0.0006789
0.00094398
0.0011801
0.0013747
0.0015163
0.0015953
0.0016046
0.0015398
0.0014
0.0011875
0.00090827
0.00057173
0.00019051
-0.00022005
-0.00064231
-0.0010572
-0.0014449
-0.0017859
-0.0020617
-0.002256
-0.0023554
-0.0023502
-0.0022351
-0.0020097
-0.0016787
-0.0012521
-0.00074469
-0.00017597
0.00043067
0.0010489
0.0016505
0.0022064
0.0026882
0.0030696
0.0033274
0.0034431
0.0034038
0.0032031
0.0028418
0.0023282
0.0016782
0.00091491
6.7778e-05
-0.00082819
-0.0017338
-0.0026073
-0.0034063
-0.0040894
-0.0046183
-0.0049598
-0.0050874
-0.0049831
-0.0046386
-0.004056
-0.0032487
-0.002241
-0.0010679
0.00022598
0.0015879
0.0029589
0.0042757
0.0054742
0.006491
0.0072675
0.0077518
0.007902
0.0076883
0.0070952
0.0061231
0.004789
0.0031274
0.0011895
-0.0009577
-0.003233
-0.0055435
-0.0077873
-0.0098573
-0.011644
-0.013042
-0.013951
-0.01428
-0.013956
-0.012919
-0.011134
-0.0085862
-0.0052856
-0.0012678
0.0034074
0.0086559
0.014373
0.020433
0.026697
0.033014
0.039226
0.045175
0.050703
0.055664
0.059924
0.063366
0.065895
0.067441
0.067961
0.067441
0.065895
0.063366
0.059924
0.055664
0.050703
0.045175
0.039226
0.033014
0.026697
0.020433
0.014373
0.0086559
0.0034074
-0.0012678
-0.0052856
-0.0085862
-0.011134
-0.012919
-0.013956
-0.01428
-0.013951
-0.013042
-0.011644
-0.0098573
-0.0077873
-0.0055435
-0.003233
-0.0009577
0.0011895
0.0031274
0.004789
0.0061231
0.0070952
0.0076883
0.007902
0.0077518
0.0072675
0.006491
0.0054742
0.0042757
0.0029589
0.0015879
0.00022598
-0.0010679
-0.002241
-0.0032487
-0.004056
-0.0046386
-0.0049831
-0.0050874
-0.0049598
-0.0046183
-0.0040894
-0.0034063
-0.0026073
-0.0017338
-0.00082819
6.7778e-05
0.00091491
0.0016782
0.0023282
0.0028418
0.0032031
0.0034038
0.0034431
0.0033274
0.0030696
0.0026882
0.0022064
0.0016505
0.0010489
0.00043067
-0.00017597
-0.00074469
-0.0012521
-0.0016787
-0.0020097
-0.0022351
-0.0023502
-0.0023554
-0.002256
-0.0020617
-0.0017859
-0.0014449
-0.0010572
-0.00064231
-0.00022005
0.00019051
0.00057173
0.00090827
0.0011875
0.0014
0.0015398
0.0016046
0.0015953
0.0015163
0.0013747
0.0011801
0.00094398
0.0006789
0.00039815
0.00011497
-0.00015803
-0.00040935
-0.00062911
-0.00080935
-0.00094431
-0.0010306
-0.0010671
-0.001055
-0.00099754
-0.00089991
-0.00076862
-0.00061139
-0.00043658
-0.00025289
-6.8875e-05
0.0001074
0.0002687
0.00040886
0.00052303
0.0006078
0.00066127
0.00068298
0.00067395
0.00063646
0.0005739
0.00049051
0.00039121
0.00028129
0.00016615
5.1061e-05
-5.9011e-05
-0.00015969
-0.00024726
-0.00031883
-0.00037236
-0.00040676
-0.00042176
-0.00041798
-0.00039674
-0.00036003
-0.00031029
-0.00025035
-0.00018321
-0.00011196
-3.9599e-05
3.1081e-05
9.7594e-05
0.00015782
0.00021008
0.0002532
0.0002864
0.0003095
0.00032252
0.00032624
0.00032111
0.00030893
0.00028982
0.00026709
0.0002389
0.00021204
0.00017874
0.00015522
0.0001173
0.0001077
5.7038e-05
8.2414e-05
4.4197e-05